- 51:03/07/2023 10:06:28 PM;
Software:Name=Qtegra;Version=2.10.3324.83;File Version=1;
Configuration:Machine=iCAP RQ;
STDS:Additional Gas Flow 1=0;Additional Gas Flow 2=0;Additional Gas Flow 3=0;CCT Entry Lens=-108.333333333333;Angular Deflection=-370;Deflection Entry Lens=-35;Extraction Lens 1 Polarity=0;Extraction Lens 1 Negative=0;Extraction Lens 1 Positive=0;Spray Chamber Temperature=2.7;Peristaltic Pump Speed=0;Cool Flow=14;Sampling Depth=5;Plasma Power=1550;Auxilliary Flow=0.8;Nebulizer Flow=1.105;Torch Horizontal Position=-0.723333333333333;Torch Vertical Position=0.3;Extraction Lens 2=-130;CCT Focus Lens=-1.08;CCT Bias=-2;CCT Exit Lens=-160;Focus Lens=18.8;D1 Lens=-200;D2 Lens=-80;Quad Entry Lens=-29.4;Pole Bias=-1;CCT1 Flow=0;CCT2 Flow=0;CCT1 Shut-Off Valve=0;CCT2 Shut-Off Valve=0;Virtual CCT Mass to Dac Factor=130;Virtual CCT Mass to Dac Offset=35;Virtual CCT Mass parameter b=0.65;Virtual CCT Mass Maximum Dac Limit Set=4095;
RF Generator:RF Plasma Lit Readback=1;RF FET Temperature Ok Readback=1;Plasma Power Readback=1548.6077186126;
Ion Optics:Pole Bias Readback=-0.793743890518083;Torch Horizontal Position Readback=-0.72316715542522;Torch Vertical Position Readback=0.300879765395894;Sampling Depth Readback=5;Extraction Lens 1 Negative Readback=-199.41348973607;Extraction Lens 1 Positive Readback=-0.0146627565982405;Extraction Lens 2 Readback=-137.82991202346;Angular Deflection Readback=-369.560117302053;Quad Entry Lens Readback=-29.8142717497556;Focus Lens Readback=18.3724340175953;D2 Lens Readback=-80.9384164222874;Deflection Exit Lens Readback=34.6578690127077;Deflection Entry Lens Readback=-35.425219941349;D1 Lens Readback=-200.58651026393;CCT Exit Lens Readback=-162.512218963832;CCT Bias Readback=-2.08699902248289;CCT Entry Lens Readback=-109.237536656891;CCT Focus Lens Readback=-1.47116324535679;
Vacuum:Analyzer Vacuum Ok Readback=1;Interface Pressure Readback=2.02512396424301;Analyzer Pressure Readback=2.19605002409792E-07;
Detector:Detector Voltage (Counting) Readback=1618.76832844575;Detector Voltage (Analog) Readback=-1978.49462365591;
Cooling System:Plasma Cooling Water Flow Readback=0.909803921568627;Interface Temperature Readback=31.3538974560148;Exhaust Flow Readback=0.550695014662757;Quad Board Temperature Readback=0;Inlet Fan Speed Readback=0;Outlet Fan Speed Readback=2447.05882352941;Peltier Temperature Hot Side Readback=20.9447992797377;Spray Chamber Temperature Readback=2.6293915694153;
Power Supply:Supply Voltage 500 V Readback=-539.467253176931;Supply Voltage 1 kV Readback=-1169.35483870968;
Gas Supply:Nebulizer Supply Pressure Readback=0.0564456989247311;Nebulizer Flow Readback=1.10263929618768;Cool Flow Readback=13.880742913001;Auxilliary Flow Readback=0.797653958944281;CCT2 Flow Readback=0;CCT1 Flow Readback=0;Additional Gas Flow 1 Readback=0;
Pulse Counting:Threshold=2500000;

Time,24Mg,26Mg,43Ca,55Mn,59Co,63Cu,66Zn,86Sr,88Sr,138Ba,208Pb,
,dwell time=0.01;xcal factor=66096.21568,dwell time=0.01;xcal factor=66420.50783,dwell time=0.01;xcal factor=69176.99106,dwell time=0.01;xcal factor=80139.50903,dwell time=0.01;xcal factor=85118.72235,dwell time=0.01;xcal factor=86639.08057,dwell time=0.01;xcal factor=86821.65425,dwell time=0.01;xcal factor=85302.89892,dwell time=0.01;xcal factor=82608.9753,dwell time=0.01;xcal factor=93538.82005,dwell time=0.01;xcal factor=107923.33534,
0.01244,100.0004000016,100.0004000016,400.006400102402,1400.07840439065,500.010000200004,100.0004000016,100.0004000016,600.014400345608,0,0,0,
0.13873,0,300.003600043201,100.0004000016,1200.05760276493,300.003600043201,100.0004000016,200.0016000128,700.019600548815,100.0004000016,0,0,
0.26504,0,100.0004000016,0,900.032401166442,200.0016000128,100.0004000016,0,900.032401166442,0,0,0,
0.3913,0,600.014400345608,300.003600043201,1000.04000160006,0,100.0004000016,0,800.025600819226,0,0,0,
0.51751,0,500.010000200004,300.003600043201,700.019600548815,200.0016000128,0,0,1000.04000160006,0,0,0,
0.64376,0,600.014400345608,200.0016000128,1200.05760276493,0,0,100.0004000016,700.019600548815,0,0,0,
0.77002,0,500.010000200004,200.0016000128,1100.04840212969,100.0004000016,200.0016000128,100.0004000016,700.019600548815,100.0004000016,0,0,
0.89622,0,700.019600548815,0,1300.06760351538,400.006400102402,0,0,600.014400345608,0,0,0,
1.02246,0,500.010000200004,300.003600043201,900.032401166442,400.006400102402,100.0004000016,200.0016000128,1200.05760276493,0,0,0,
1.14869,0,300.003600043201,100.0004000016,1100.04840212969,200.0016000128,200.0016000128,200.0016000128,800.025600819226,0,0,100.0004000016,
1.27493,0,900.032401166442,300.003600043201,1400.07840439065,200.0016000128,0,100.0004000016,700.019600548815,0,0,0,
1.40127,100.0004000016,500.010000200004,200.0016000128,1100.04840212969,100.0004000016,100.0004000016,0,300.003600043201,0,0,0,
1.52749,0,300.003600043201,0,1100.04840212969,100.0004000016,0,0,1000.04000160006,0,0,0,
1.65384,0,200.0016000128,200.0016000128,1300.06760351538,100.0004000016,0,0,500.010000200004,0,0,0,
1.78007,0,600.014400345608,100.0004000016,1200.05760276493,200.0016000128,0,0,1100.04840212969,0,0,0,
1.90633,0,400.006400102402,0,1600.10240655402,400.006400102402,100.0004000016,100.0004000016,500.010000200004,0,0,0,
2.03267,0,500.010000200004,0,1600.10240655402,0,0,0,800.025600819226,0,0,200.0016000128,
2.15899,0,900.032401166442,100.0004000016,500.010000200004,400.006400102402,0,200.0016000128,600.014400345608,0,0,0,
2.28538,0,100.0004000016,200.0016000128,1800.12960933187,300.003600043201,0,100.0004000016,1300.06760351538,0,0,0,
2.41166,100.0004000016,700.019600548815,100.0004000016,1100.04840212969,100.0004000016,0,100.0004000016,1000.04000160006,0,0,0,
2.53792,0,400.006400102402,0,1100.04840212969,300.003600043201,100.0004000016,100.0004000016,1900.14441097523,0,0,0,
2.66417,0,100.0004000016,0,900.032401166442,100.0004000016,0,100.0004000016,800.025600819226,0,0,0,
2.79043,0,300.003600043201,100.0004000016,1800.12960933187,300.003600043201,0,0,1200.05760276493,0,0,0,
2.91667,100.0004000016,300.003600043201,0,400.006400102402,0,0,0,600.014400345608,0,0,0,
3.04299,0,400.006400102402,0,800.025600819226,100.0004000016,0,0,900.032401166442,0,0,0,
3.16927,100.0004000016,400.006400102402,100.0004000016,1700.11560786133,200.0016000128,0,200.0016000128,1200.05760276493,0,0,0,
3.29545,0,500.010000200004,0,1000.04000160006,300.003600043201,0,100.0004000016,1400.07840439065,0,0,0,
3.42166,0,700.019600548815,100.0004000016,1600.10240655402,200.0016000128,0,100.0004000016,1100.04840212969,0,0,0,
3.54793,0,600.014400345608,200.0016000128,700.019600548815,200.0016000128,100.0004000016,100.0004000016,1100.04840212969,0,0,100.0004000016,
3.67416,0,700.019600548815,0,800.025600819226,400.006400102402,100.0004000016,0,800.025600819226,0,0,0,
3.80039,0,700.019600548815,100.0004000016,800.025600819226,100.0004000016,0,100.0004000016,1100.04840212969,0,0,0,
3.92655,0,100.0004000016,100.0004000016,900.032401166442,0,0,0,800.025600819226,0,0,0,
4.05279,0,200.0016000128,200.0016000128,1600.10240655402,100.0004000016,0,0,600.014400345608,0,0,0,
4.17906,100.0004000016,300.003600043201,0,900.032401166442,300.003600043201,0,200.0016000128,1200.05760276493,0,0,0,
4.30529,0,200.0016000128,0,1300.06760351538,300.003600043201,100.0004000016,200.0016000128,700.019600548815,0,0,100.0004000016,
4.43156,0,300.003600043201,200.0016000128,1000.04000160006,100.0004000016,0,0,1400.07840439065,0,0,0,
4.5579,0,100.0004000016,0,1200.05760276493,100.0004000016,0,100.0004000016,700.019600548815,0,0,0,
4.68421,0,500.010000200004,200.0016000128,1400.07840439065,200.0016000128,100.0004000016,0,1500.09000540032,0,0,0,
4.81052,0,300.003600043201,100.0004000016,1100.04840212969,100.0004000016,100.0004000016,100.0004000016,1200.05760276493,0,0,0,
4.93684,0,500.010000200004,0,1500.09000540032,0,0,0,800.025600819226,0,0,0,
5.0632,300.003600043201,600.014400345608,200.0016000128,700.019600548815,200.0016000128,0,100.0004000016,300.003600043201,0,0,0,
5.18951,0,400.006400102402,200.0016000128,1200.05760276493,100.0004000016,0,100.0004000016,500.010000200004,0,0,0,
5.31583,100.0004000016,400.006400102402,200.0016000128,500.010000200004,200.0016000128,0,100.0004000016,1600.10240655402,0,0,0,
5.44198,0,400.006400102402,300.003600043201,900.032401166442,300.003600043201,100.0004000016,0,700.019600548815,0,0,0,
5.56822,0,300.003600043201,100.0004000016,1000.04000160006,0,0,0,800.025600819226,0,0,0,
5.6945,0,200.0016000128,0,700.019600548815,500.010000200004,0,0,1100.04840212969,0,0,0,
5.82073,0,400.006400102402,100.0004000016,900.032401166442,200.0016000128,100.0004000016,0,1300.06760351538,0,0,0,
5.94698,100.0004000016,500.010000200004,200.0016000128,1000.04000160006,200.0016000128,0,0,1000.04000160006,0,0,0,
6.07324,0,500.010000200004,0,900.032401166442,300.003600043201,0,0,1400.07840439065,0,0,0,
6.19951,100.0004000016,400.006400102402,200.0016000128,900.032401166442,100.0004000016,0,100.0004000016,700.019600548815,0,0,0,
6.32574,0,400.006400102402,300.003600043201,1400.07840439065,200.0016000128,100.0004000016,0,1100.04840212969,0,0,0,
6.45191,0,900.032401166442,100.0004000016,1300.06760351538,200.0016000128,0,0,600.014400345608,0,0,0,
6.57815,100.0004000016,300.003600043201,100.0004000016,1300.06760351538,400.006400102402,100.0004000016,0,1200.05760276493,0,0,0,
6.70447,0,300.003600043201,200.0016000128,1000.04000160006,200.0016000128,400.006400102402,100.0004000016,900.032401166442,0,0,0,
6.83065,0,200.0016000128,200.0016000128,1600.10240655402,0,0,0,400.006400102402,0,0,0,
6.95695,0,600.014400345608,0,1800.12960933187,100.0004000016,100.0004000016,0,600.014400345608,0,0,0,
7.08321,0,400.006400102402,0,1400.07840439065,100.0004000016,0,200.0016000128,1300.06760351538,0,0,0,
7.20953,0,200.0016000128,300.003600043201,700.019600548815,200.0016000128,100.0004000016,200.0016000128,1200.05760276493,0,0,0,
7.33576,0,400.006400102402,100.0004000016,1200.05760276493,200.0016000128,0,0,800.025600819226,0,0,0,
7.4621,0,600.014400345608,300.003600043201,1600.10240655402,100.0004000016,200.0016000128,0,600.014400345608,0,0,0,
7.58845,100.0004000016,500.010000200004,300.003600043201,1000.04000160006,100.0004000016,0,0,900.032401166442,0,0,0,
7.71479,0,200.0016000128,200.0016000128,800.025600819226,0,100.0004000016,0,1000.04000160006,0,0,0,
7.84108,100.0004000016,700.019600548815,100.0004000016,1100.04840212969,0,100.0004000016,100.0004000016,1000.04000160006,0,0,0,
7.96732,0,100.0004000016,100.0004000016,1900.14441097523,500.010000200004,100.0004000016,0,800.025600819226,0,0,0,
8.09359,0,0,100.0004000016,1300.06760351538,200.0016000128,100.0004000016,100.0004000016,600.014400345608,0,0,0,
8.21982,0,200.0016000128,300.003600043201,1100.04840212969,300.003600043201,0,100.0004000016,700.019600548815,0,0,0,
8.34607,0,500.010000200004,100.0004000016,1400.07840439065,100.0004000016,0,0,1200.05760276493,0,0,0,
8.47238,0,700.019600548815,100.0004000016,1100.04840212969,100.0004000016,100.0004000016,0,400.006400102402,0,0,0,
8.59866,0,400.006400102402,100.0004000016,1900.14441097523,100.0004000016,100.0004000016,0,600.014400345608,0,0,0,
8.72495,0,500.010000200004,100.0004000016,1700.11560786133,400.006400102402,0,100.0004000016,800.025600819226,0,0,0,
8.8512,0,400.006400102402,300.003600043201,1100.04840212969,100.0004000016,0,0,700.019600548815,0,0,0,
8.97752,0,500.010000200004,100.0004000016,1300.06760351538,100.0004000016,0,100.0004000016,1100.04840212969,0,0,0,
9.10379,0,300.003600043201,100.0004000016,1000.04000160006,200.0016000128,100.0004000016,0,700.019600548815,0,0,0,
9.23006,0,500.010000200004,100.0004000016,1100.04840212969,300.003600043201,0,100.0004000016,1000.04000160006,0,0,0,
9.35635,0,100.0004000016,200.0016000128,1800.12960933187,200.0016000128,100.0004000016,100.0004000016,1000.04000160006,0,0,0,
9.48259,0,500.010000200004,100.0004000016,1300.06760351538,0,200.0016000128,0,1500.09000540032,0,0,0,
9.60886,0,400.006400102402,400.006400102402,1200.05760276493,200.0016000128,200.0016000128,0,800.025600819226,0,0,0,
9.73501,0,500.010000200004,0,1400.07840439065,100.0004000016,0,0,400.006400102402,0,0,0,
9.86125,0,300.003600043201,0,1200.05760276493,0,100.0004000016,0,700.019600548815,0,0,0,
9.9874,0,800.025600819226,300.003600043201,1000.04000160006,200.0016000128,0,100.0004000016,700.019600548815,0,0,0,
10.11367,0,500.010000200004,0,1200.05760276493,0,0,0,900.032401166442,0,0,0,
10.24,0,100.0004000016,500.010000200004,1100.04840212969,100.0004000016,0,100.0004000016,500.010000200004,0,0,0,
10.36631,0,100.0004000016,0,1800.12960933187,100.0004000016,0,0,1200.05760276493,0,0,0,
10.49262,100.0004000016,600.014400345608,300.003600043201,1200.05760276493,200.0016000128,100.0004000016,0,600.014400345608,0,0,0,
10.61882,0,200.0016000128,0,900.032401166442,100.0004000016,0,0,900.032401166442,0,0,0,
10.74505,0,300.003600043201,100.0004000016,1600.10240655402,200.0016000128,100.0004000016,0,1400.07840439065,0,0,0,
10.8713,0,600.014400345608,400.006400102402,1900.14441097523,200.0016000128,100.0004000016,0,1200.05760276493,0,0,0,
10.9976,0,800.025600819226,0,1800.12960933187,200.0016000128,100.0004000016,100.0004000016,700.019600548815,0,0,0,
11.1238,0,400.006400102402,200.0016000128,1700.11560786133,100.0004000016,100.0004000016,0,900.032401166442,0,0,0,
11.25011,0,300.003600043201,100.0004000016,1600.10240655402,300.003600043201,0,100.0004000016,1100.04840212969,0,0,0,
11.37635,0,700.019600548815,0,1100.04840212969,100.0004000016,100.0004000016,0,1300.06760351538,0,0,0,
11.50274,0,100.0004000016,0,700.019600548815,100.0004000016,0,0,1000.04000160006,0,0,0,
11.62902,0,200.0016000128,300.003600043201,1300.06760351538,100.0004000016,0,0,1200.05760276493,0,0,0,
11.7553,0,500.010000200004,100.0004000016,1100.04840212969,100.0004000016,100.0004000016,100.0004000016,900.032401166442,0,0,0,
11.88158,0,700.019600548815,100.0004000016,700.019600548815,100.0004000016,0,0,900.032401166442,0,0,0,
12.00786,0,400.006400102402,0,1200.05760276493,200.0016000128,100.0004000016,200.0016000128,800.025600819226,0,0,0,
12.13408,0,400.006400102402,100.0004000016,1000.04000160006,100.0004000016,0,0,900.032401166442,0,0,0,
12.26031,100.0004000016,600.014400345608,0,1800.12960933187,700.019600548815,0,0,900.032401166442,0,0,0,
12.38648,0,200.0016000128,300.003600043201,1000.04000160006,300.003600043201,0,0,1100.04840212969,0,0,0,
12.51275,0,200.0016000128,200.0016000128,900.032401166442,0,100.0004000016,0,500.010000200004,0,0,0,
12.63898,0,400.006400102402,100.0004000016,1300.06760351538,300.003600043201,0,0,600.014400345608,0,0,0,
12.76525,0,200.0016000128,0,1500.09000540032,0,100.0004000016,0,200.0016000128,0,0,0,
12.89154,0,700.019600548815,400.006400102402,1300.06760351538,100.0004000016,100.0004000016,100.0004000016,1100.04840212969,0,0,0,
13.01783,0,300.003600043201,100.0004000016,1400.07840439065,200.0016000128,100.0004000016,0,1400.07840439065,0,0,100.0004000016,
13.14408,0,400.006400102402,200.0016000128,1300.06760351538,100.0004000016,0,0,1100.04840212969,0,0,0,
13.27021,0,400.006400102402,0,1300.06760351538,200.0016000128,0,0,1100.04840212969,0,0,0,
13.39653,0,300.003600043201,100.0004000016,1000.04000160006,200.0016000128,0,0,1100.04840212969,0,0,0,
13.52284,0,400.006400102402,0,1800.12960933187,100.0004000016,300.003600043201,0,500.010000200004,0,0,0,
13.64908,0,500.010000200004,200.0016000128,1400.07840439065,0,0,0,1400.07840439065,0,100.0004000016,0,
13.77535,0,0,200.0016000128,1400.07840439065,100.0004000016,0,100.0004000016,1100.04840212969,0,100.0004000016,0,
13.90159,0,900.032401166442,200.0016000128,1800.12960933187,500.010000200004,0,100.0004000016,1100.04840212969,0,0,0,
14.0278,0,200.0016000128,100.0004000016,1700.11560786133,100.0004000016,0,0,600.014400345608,0,0,0,
14.15402,0,400.006400102402,100.0004000016,1400.07840439065,100.0004000016,100.0004000016,0,1100.04840212969,0,100.0004000016,0,
14.28026,0,500.010000200004,100.0004000016,1500.09000540032,100.0004000016,100.0004000016,0,1000.04000160006,0,0,0,
14.40654,0,100.0004000016,100.0004000016,1100.04840212969,100.0004000016,100.0004000016,0,1000.04000160006,0,0,0,
14.53282,0,200.0016000128,200.0016000128,1300.06760351538,400.006400102402,0,100.0004000016,1000.04000160006,0,0,0,
14.65902,0,600.014400345608,100.0004000016,1200.05760276493,200.0016000128,200.0016000128,0,1100.04840212969,0,0,0,
14.78533,0,400.006400102402,100.0004000016,1700.11560786133,0,0,0,1000.04000160006,0,0,0,
14.91149,0,300.003600043201,300.003600043201,1400.07840439065,100.0004000016,0,100.0004000016,500.010000200004,0,0,0,
15.03764,100.0004000016,400.006400102402,0,700.019600548815,0,100.0004000016,0,700.019600548815,0,0,0,
15.16386,0,600.014400345608,0,1300.06760351538,100.0004000016,100.0004000016,0,1000.04000160006,0,0,0,
15.29016,0,400.006400102402,100.0004000016,1300.06760351538,100.0004000016,0,100.0004000016,1500.09000540032,0,0,0,
15.41647,0,500.010000200004,100.0004000016,1700.11560786133,0,200.0016000128,100.0004000016,900.032401166442,0,0,0,
15.54274,0,600.014400345608,0,1900.14441097523,100.0004000016,100.0004000016,100.0004000016,1500.09000540032,0,0,0,
15.66893,0,500.010000200004,0,1000.04000160006,200.0016000128,0,100.0004000016,500.010000200004,0,0,0,
15.79517,0,200.0016000128,100.0004000016,1300.06760351538,400.006400102402,0,100.0004000016,700.019600548815,0,0,0,
15.92145,0,300.003600043201,400.006400102402,1100.04840212969,100.0004000016,300.003600043201,100.0004000016,1200.05760276493,0,0,0,
16.04774,0,300.003600043201,100.0004000016,1300.06760351538,200.0016000128,100.0004000016,100.0004000016,700.019600548815,0,0,0,
16.17389,0,600.014400345608,200.0016000128,1400.07840439065,0,200.0016000128,0,1300.06760351538,0,0,0,
16.3002,0,100.0004000016,200.0016000128,1300.06760351538,0,0,0,1100.04840212969,0,0,0,
16.42651,100.0004000016,200.0016000128,200.0016000128,1300.06760351538,200.0016000128,0,0,900.032401166442,0,0,0,
16.5528,0,500.010000200004,0,700.019600548815,100.0004000016,100.0004000016,200.0016000128,1500.09000540032,0,0,0,
16.67903,0,100.0004000016,200.0016000128,800.025600819226,700.019600548815,0,100.0004000016,1500.09000540032,0,0,0,
16.80533,0,600.014400345608,100.0004000016,1700.11560786133,400.006400102402,100.0004000016,200.0016000128,700.019600548815,0,0,0,
16.93158,0,300.003600043201,200.0016000128,1100.04840212969,200.0016000128,0,200.0016000128,1500.09000540032,0,0,0,
17.0578,100.0004000016,500.010000200004,300.003600043201,800.025600819226,100.0004000016,0,200.0016000128,700.019600548815,0,0,0,
17.1841,0,400.006400102402,0,1700.11560786133,0,100.0004000016,0,700.019600548815,0,0,0,
17.31033,0,300.003600043201,0,1000.04000160006,0,0,100.0004000016,700.019600548815,0,0,0,
17.43662,0,700.019600548815,100.0004000016,200.0016000128,200.0016000128,0,0,600.014400345608,0,0,0,
17.56288,100.0004000016,300.003600043201,0,1000.04000160006,0,0,400.006400102402,900.032401166442,0,0,0,
17.68901,0,300.003600043201,200.0016000128,1300.06760351538,100.0004000016,0,0,600.014400345608,0,0,0,
17.81523,0,100.0004000016,200.0016000128,1300.06760351538,0,100.0004000016,100.0004000016,600.014400345608,0,0,0,
17.94146,0,800.025600819226,100.0004000016,1000.04000160006,100.0004000016,0,300.003600043201,1100.04840212969,0,0,0,
18.06775,0,400.006400102402,400.006400102402,1000.04000160006,200.0016000128,0,0,1200.05760276493,0,0,0,
18.19407,100.0004000016,200.0016000128,300.003600043201,1300.06760351538,400.006400102402,0,0,900.032401166442,0,0,0,
18.3203,0,300.003600043201,100.0004000016,1200.05760276493,0,100.0004000016,0,1700.11560786133,0,0,0,
18.44659,0,700.019600548815,0,600.014400345608,100.0004000016,100.0004000016,0,1200.05760276493,0,0,0,
18.57293,100.0004000016,500.010000200004,0,1100.04840212969,0,0,100.0004000016,1000.04000160006,0,0,0,
18.69913,100.0004000016,700.019600548815,200.0016000128,1400.07840439065,0,100.0004000016,0,700.019600548815,0,0,0,
18.82537,0,400.006400102402,0,1900.14441097523,400.006400102402,0,200.0016000128,1100.04840212969,0,0,0,
18.95168,0,600.014400345608,300.003600043201,1400.07840439065,200.0016000128,0,0,1000.04000160006,0,0,0,
19.07795,0,500.010000200004,500.010000200004,1400.07840439065,200.0016000128,0,0,900.032401166442,0,0,0,
19.20419,0,600.014400345608,100.0004000016,2300.21161946899,500.010000200004,200.0016000128,0,700.019600548815,0,0,0,
19.33051,0,400.006400102402,0,1400.07840439065,300.003600043201,200.0016000128,0,700.019600548815,0,0,0,
19.45673,0,500.010000200004,100.0004000016,1300.06760351538,200.0016000128,100.0004000016,0,900.032401166442,0,0,100.0004000016,
19.58303,0,700.019600548815,300.003600043201,1000.04000160006,100.0004000016,0,100.0004000016,1000.04000160006,0,0,0,
19.70935,0,400.006400102402,100.0004000016,1300.06760351538,700.019600548815,100.0004000016,300.003600043201,1200.05760276493,0,0,0,
19.83558,100.0004000016,700.019600548815,300.003600043201,1700.11560786133,100.0004000016,200.0016000128,200.0016000128,1100.04840212969,0,0,0,
19.96187,0,600.014400345608,400.006400102402,1600.10240655402,0,100.0004000016,200.0016000128,900.032401166442,0,0,0,
20.08817,0,200.0016000128,0,1000.04000160006,300.003600043201,0,0,700.019600548815,0,0,0,
20.21449,0,200.0016000128,100.0004000016,1500.09000540032,100.0004000016,400.006400102402,100.0004000016,1200.05760276493,0,0,0,
20.34072,0,1000.04000160006,100.0004000016,1400.07840439065,300.003600043201,100.0004000016,0,700.019600548815,0,0,0,
20.46699,0,500.010000200004,0,1200.05760276493,600.014400345608,200.0016000128,100.0004000016,1200.05760276493,0,0,0,
20.59318,0,200.0016000128,0,1600.10240655402,300.003600043201,100.0004000016,100.0004000016,600.014400345608,0,0,0,
20.71939,0,800.025600819226,6001.44034568296,1400.07840439065,100.0004000016,300.003600043201,1800.12960933187,98184.0961842729,1050249.20747491,8002.56081946223,200.0016000128,
20.84566,65370.4862280828,11505.2924345199,568542.102184167,8803.09869073914,100.0004000016,1300.06760351538,7502.25067520256,380504.523821126,3357517.88760031,17612.3991289868,200.0016000128,
20.97184,134722.110512346,29234.1454819229,868413.35721475,12906.6598364756,800.025600819226,1300.06760351538,9603.68781612139,417869.779169547,3731736.54570873,17512.2585810067,100.0004000016,
21.09813,115632.371438101,17812.6826300326,927047.510796023,17111.7044058136,200.0016000128,1500.09000540032,8903.16952835209,477343.507965237,3553301.159061,21618.6785382571,100.0004000016,
21.22438,104232.774479639,20717.1538033492,897467.693458044,14808.7667899396,700.019600548815,1000.04000160006,9603.68781612139,491643.257928847,4094389.94727516,18413.5523745477,0,
21.35061,99494.3957848913,14708.648685427,910065.127539705,13907.7326993809,400.006400102402,1000.04000160006,10304.2453490838,441356.65525537,3622692.6983129,16310.634533716,0,
21.47694,98184.0961842729,15809.9919148902,905876.696316806,11705.4781637807,200.0016000128,1600.10240655402,8703.02865397158,500836.42743482,3605344.81349992,15910.1188355794,100.0004000016,
21.60319,100401.606425703,15009.0054032419,994315.480935692,12606.3536022155,100.0004000016,3900.60849492521,5901.39272868397,459700.349510766,3378170.13142528,15309.3693340324,0,
21.72943,97579.3886631222,15309.3693340324,886026.929751536,12105.8592358702,400.006400102402,1200.05760276493,9803.84310649775,449229.804509196,3592127.37745194,13807.6218072376,0,
21.85574,93045.0109004188,16110.3750815525,939665.658001876,12105.8592358702,400.006400102402,300.003600043201,8102.62525058119,488149.030226906,3245995.77094548,15709.8657957197,0,
21.98198,84685.8995970396,13307.0793662228,873488.988243087,12205.9565067753,100.0004000016,300.003600043201,8002.56081946223,438664.327666277,3226995.70662651,13206.9732818928,0,
22.10827,82269.8450919014,11104.9305891816,843426.05265443,13206.9732818928,300.003600043201,700.019600548815,7702.37233067785,399276.628601617,3065908.20479176,9803.84310649775,100.0004000016,
22.23458,78646.6358500257,17011.567866149,834879.981481558,11205.0198488923,200.0016000128,900.032401166442,8202.69048247825,420350.92286042,3231126.15539151,13206.9732818928,0,
22.3609,86296.8612025367,12806.5569571621,810341.481141932,13607.4024269202,400.006400102402,1600.10240655402,8502.8909829342,428728.360152166,3067560.38429776,13106.8679988314,0,
22.48716,79351.066775277,12005.7627661277,836909.161561293,10004.0016006403,400.006400102402,900.032401166442,7702.37233067785,393910.337149869,3066734.29454476,10504.4118529783,0,
22.61341,67682.7434071994,12806.5569571621,823671.836910084,11004.8421305374,300.003600043201,500.010000200004,8202.69048247825,405677.8641345,3321996.02822137,12406.1534521122,0,
22.73973,76936.0397700144,11205.0198488923,857111.533099171,13907.7326993809,300.003600043201,1100.04840212969,9103.31360615264,400205.640064862,3264995.83526445,11405.2007715518,0,
22.86596,76734.808514053,12406.1534521122,819617.952277084,13307.0793662228,400.006400102402,600.014400345608,7602.31110257518,392362.789828429,3279039.36106543,12205.9565067753,100.0004000016,
22.99224,71906.2270592058,12806.5569571621,804054.333016804,12806.5569571621,500.010000200004,1200.05760276493,8903.16952835209,381432.162538631,3016342.81961184,10504.4118529783,0,
23.11842,72308.5378230818,10004.0016006403,834559.613763,13807.6218072376,400.006400102402,1000.04000160006,7202.07419736884,390505.982003209,3114647.50021869,11405.2007715518,0,
23.24463,72509.6980467512,12306.0545788528,837443.209299826,12306.0545788528,0,1200.05760276493,8602.95941803981,395251.697418623,3058473.39701478,11004.8421305374,100.0004000016,
23.37089,65772.5872689938,16911.4321281186,785317.633856741,12105.8592358702,500.010000200004,1200.05760276493,5001.00020004001,362583.493624861,3034516.79417781,9903.92195309342,0,
23.49717,63661.7007198284,10104.0820491479,770114.089449097,9503.61137232148,100.0004000016,1000.04000160006,6801.85010322808,364024.479327306,2879211.92061406,9003.24116682005,0,
23.62334,68286.0110942207,8602.95941803981,811300.806964508,11104.9305891816,200.0016000128,1000.04000160006,8002.56081946223,394942.140163828,2975038.33196191,9403.53572943427,0,
23.7497,67783.2860053585,11505.2924345199,846739.175385633,10904.7544729502,300.003600043201,900.032401166442,8703.02865397158,391021.734714605,3125386.66700767,8903.16952835209,0,
23.87593,70196.5503409547,11104.9305891816,807890.194653431,12506.2531265633,200.0016000128,500.010000200004,7802.43435952017,384834.084724422,3000647.11430487,10504.4118529783,0,
24.00219,64968.3980878437,11905.6670975384,827726.994727011,9803.84310649775,100.0004000016,700.019600548815,8803.09869073914,410739.18823869,2934559.93406497,8202.69048247825,0,
24.12838,66777.8963157853,12205.9565067753,834773.191359198,12306.0545788528,0,1100.04840212969,7502.25067520256,380813.729192809,3040299.4224488,10204.1632986258,0,
24.25462,67079.5047547236,11705.4781637807,805759.019628893,12005.7627661277,200.0016000128,600.014400345608,6901.90492575951,366495.121515658,3255082.75822847,11205.0198488923,0,
24.38086,65973.6426273953,11205.0198488923,802243.350245844,11205.0198488923,200.0016000128,1000.04000160006,8202.69048247825,377309.842741886,3031212.43516582,10904.7544729502,0,
24.50718,68286.0110942207,11605.3848985929,940357.427912431,10304.2453490838,300.003600043201,800.025600819226,7302.132222609,374115.965799752,2927951.21604098,9903.92195309342,100.0004000016,
24.63351,66476.2951346972,9803.84310649775,804160.869331858,11104.9305891816,400.006400102402,1100.04840212969,7202.07419736884,364333.283281049,2856907.49728309,9903.92195309342,0,
24.75981,66375.7630204782,10504.4118529783,820897.988861897,9703.76506084361,500.010000200004,900.032401166442,6001.44034568296,371025.882505764,2813950.83012716,9303.46088745013,0,
24.88613,61551.1696727162,9803.84310649775,860428.165937058,11104.9305891816,500.010000200004,1500.09000540032,7802.43435952017,378855.555736027,3030386.34541282,8302.75651516303,100.0004000016,
25.0125,62355.1395872932,9503.61137232148,812260.204102704,10404.3282005314,300.003600043201,800.025600819226,9003.24116682005,362274.732275828,3215430.45008453,8202.69048247825,0,
25.13869,64867.8780684411,10604.4963064339,879381.37926751,10004.0016006403,200.0016000128,1300.06760351538,7402.19104855037,380298.391092124,2996516.66553987,7702.37233067785,0,
25.26497,58235.3389276679,9103.31360615264,814925.570406595,8602.95941803981,300.003600043201,1200.05760276493,7302.132222609,365980.364701919,3141908.46206765,9403.53572943427,100.0004000016,
25.39124,56427.0737701303,8402.82334864514,835520.740756051,12005.7627661277,400.006400102402,1400.07840439065,5701.29989637637,382462.951757076,2925472.94678198,9603.68781612139,100.0004000016,
25.5175,58938.6236428079,10004.0016006403,837283.711239792,10404.3282005314,100.0004000016,900.032401166442,6601.74286011507,399999.187200026,2954386.08813694,7102.01697282028,0,
25.64381,55020.8257333103,10304.2453490838,796705.451153422,7302.132222609,300.003600043201,1200.05760276493,8002.56081946223,356821.187754075,2878385.83086106,7202.07419736884,0,
25.77005,60948.2260858408,9503.61137232148,858502.2755482,10804.6676164103,600.014400345608,500.010000200004,7902.49718911176,379164.720930705,2761081.08593524,7302.132222609,0,
25.89633,55723.9300203653,13707.5117164206,862782.421584044,9103.31360615264,100.0004000016,1100.04840212969,7702.37233067785,370613.928264082,3083256.08960474,5401.16665199683,0,
26.02256,62355.1395872932,9103.31360615264,851656.98780629,8302.75651516303,200.0016000128,500.010000200004,7402.19104855037,358158.632525794,2942820.83159496,8002.56081946223,0,
26.14872,55121.2667869313,10104.0820491479,845135.945415073,9603.68781612139,600.014400345608,1000.04000160006,8703.02865397158,366495.121515658,2893255.44641503,9103.31360615264,0,
26.27501,52309.2216548153,10304.2453490838,843853.504633286,9403.53572943427,400.006400102402,800.025600819226,6701.7960813498,371231.864643463,3216256.53983753,8302.75651516303,0,
26.40129,54317.7609056434,10104.0820491479,885015.835068061,10004.0016006403,300.003600043201,1000.04000160006,8302.75651516303,383493.824703622,3022125.44788283,8002.56081946223,0,
26.52757,57733.0168708705,10004.0016006403,844280.970752544,9103.31360615264,600.014400345608,800.025600819226,6701.7960813498,376382.50531889,3102256.15392371,9503.61137232148,0,
26.65386,52108.3854417188,12205.9565067753,835734.334244129,8402.82334864514,900.032401166442,800.025600819226,6501.69043951427,379680.012994396,2944473.01110095,6501.69043951427,100.0004000016,
26.78013,58436.2733895444,7502.25067520256,830075.299835514,6501.69043951427,100.0004000016,600.014400345608,6901.90492575951,385865.150284322,3027081.98640083,8102.62525058119,0,
26.90631,55422.5947796526,9503.61137232148,844494.709115043,7302.132222609,500.010000200004,1200.05760276493,8202.69048247825,377618.970277733,3293908.97661941,6901.90492575951,0,
27.03262,57632.5548762153,10004.0016006403,874345.896535736,7602.31110257518,400.006400102402,1100.04840212969,8402.82334864514,394219.869250241,3181560.77021158,7602.31110257518,0,
27.15885,56828.8879177976,11004.8421305374,873703.209995115,7802.43435952017,300.003600043201,800.025600819226,7202.07419736884,392569.118573141,3045255.9609668,6701.7960813498,0,
27.28508,59541.4705339888,7602.31110257518,923713.769017636,7602.31110257518,500.010000200004,500.010000200004,7001.96054895371,395251.697418623,3235256.6041565,7302.132222609,0,
27.41139,56627.9792330667,8502.8909829342,893641.350280894,8502.8909829342,500.010000200004,1200.05760276493,7402.19104855037,401754.143534136,3299691.6048904,6701.7960813498,100.0004000016,
27.53776,53213.0244639615,9203.38684635946,864280.807462155,8803.09869073914,300.003600043201,900.032401166442,7202.07419736884,502732.634788524,3156778.07762162,11205.0198488923,0,
27.66399,57833.4796710809,9003.24116682005,904802.957706783,7502.25067520256,300.003600043201,1300.06760351538,8102.62525058119,397418.80953155,3178256.41119959,7001.96054895371,0,
27.79028,54418.1963224123,8002.56081946223,890637.945318973,8102.62525058119,300.003600043201,600.014400345608,8002.56081946223,433384.878326687,3412865.90105122,7902.49718911176,0,
27.91654,53012.1737596755,8302.75651516303,874560.132477748,7502.25067520256,600.014400345608,800.025600819226,6401.6388195378,826030.621697577,3252604.48896947,9403.53572943427,0,
28.04282,50100.2004008016,8602.95941803981,886348.575215374,7602.31110257518,300.003600043201,1200.05760276493,6301.58800017604,402993.082256924,3316213.39995037,7402.19104855037,0,
28.16913,58335.8057557995,7702.37233067785,881417.556297259,6301.58800017604,400.006400102402,400.006400102402,7902.49718911176,415595.822895995,3301343.7843964,6101.48876325823,0,
28.29539,54116.8924877736,9103.31360615264,852298.579571307,8002.56081946223,200.0016000128,500.010000200004,7102.01697282028,384730.982774937,3020473.26837684,7202.07419736884,0,
28.42163,51305.072789072,9503.61137232148,846097.85952956,8102.62525058119,200.0016000128,800.025600819226,8402.82334864514,401341.190814875,3144386.73132664,8102.62525058119,0,
28.54783,54217.3262941004,8002.56081946223,837336.397985928,6201.53798141939,300.003600043201,500.010000200004,10904.7544729502,405471.322303971,3442605.13215918,9203.38684635946,0,
28.67408,51405.4840532773,10304.2453490838,891388.7312391,6301.58800017604,400.006400102402,700.019600548815,10304.2453490838,404851.716961498,3385604.93920227,9703.76506084361,0,
28.80036,54518.6325444167,9403.53572943427,881417.556297259,5701.29989637637,400.006400102402,500.010000200004,7102.01697282028,413632.278972557,3412039.81129822,9303.46088745013,0,
28.92655,51405.4840532773,8602.95941803981,859358.191417176,5301.12383825371,500.010000200004,700.019600548815,7502.25067520256,389474.539434932,3255082.75822847,7902.49718911176,100.0004000016,
29.05274,49497.8076679519,9003.24116682005,823031.665234349,5801.34591225164,300.003600043201,700.019600548815,7802.43435952017,413012.27550145,3479779.17104412,8903.16952835209,0,
29.17903,51505.8961224277,10904.7544729502,896967.361534095,5801.34591225164,500.010000200004,400.006400102402,8302.75651516303,415182.420013338,3965519.94580736,9803.84310649775,0,
29.30526,54418.1963224123,7302.132222609,903299.873177444,6001.44034568296,300.003600043201,900.032401166442,8703.02865397158,417249.568923447,3286474.16884242,7202.07419736884,0,
29.43148,48895.4439065055,7402.19104855037,873381.878697306,6801.85010322808,100.0004000016,500.010000200004,7802.43435952017,416112.595412087,3355865.70809431,9003.24116682005,0,
29.55769,50602.2164772841,8602.95941803981,868027.531859063,6201.53798141939,200.0016000128,1000.04000160006,8302.75651516303,395664.452164726,3564040.32584999,9803.84310649775,100.0004000016,
29.68389,52108.3854417188,7402.19104855037,847380.52306827,5001.00020004001,300.003600043201,600.014400345608,7902.49718911176,416319.310302759,3466561.73499614,6101.48876325823,0,
29.81008,53715.1653144341,9403.53572943427,914070.171311355,5201.0818250196,300.003600043201,900.032401166442,8703.02865397158,450680.653003384,3775519.30261766,8102.62525058119,0,
29.93631,58637.211073913,6801.85010322808,904910.32756241,5601.25468104855,200.0016000128,1400.07840439065,9003.24116682005,420971.284470837,3590475.19794595,8903.16952835209,0,
30.06254,47690.8032894631,7202.07419736884,867920.467526447,4900.9605882753,100.0004000016,900.032401166442,8402.82334864514,397728.427169474,3442605.13215918,7001.96054895371,0,
30.18883,51305.072789072,7001.96054895371,850427.33954033,5201.0818250196,200.0016000128,300.003600043201,7302.132222609,421591.676360767,3562388.14634399,9903.92195309342,0,
30.31506,49497.8076679519,7902.49718911176,870488.666946414,5901.39272868397,400.006400102402,700.019600548815,10204.1632986258,417663.039057798,3435170.32438219,7402.19104855037,0,
30.44132,46385.9066992069,7402.19104855037,872846.344270303,3800.57768780855,100.0004000016,500.010000200004,9703.76506084361,414665.685321709,3315387.31019738,8502.8909829342,100.0004000016,
30.56755,46084.7960246854,9003.24116682005,842571.191115117,5501.21026625858,300.003600043201,1000.04000160006,8703.02865397158,440217.524035918,3573127.31313297,8202.69048247825,100.0004000016,
30.69376,48694.6624237518,7202.07419736884,872525.034255223,3700.5476810568,100.0004000016,500.010000200004,10404.3282005314,421074.681016355,3758171.41780468,8903.16952835209,0,
30.81997,50903.435781508,10804.6676164103,864173.77414162,4500.81014582625,100.0004000016,600.014400345608,10204.1632986258,453271.865378663,3645823.21139686,7102.01697282028,0,
30.94628,55221.7086458555,8402.82334864514,903944.030902369,5101.04061228491,100.0004000016,200.0016000128,9403.53572943427,445810.601742529,3707779.94287176,9303.46088745013,0,
31.07252,48895.4439065055,8302.75651516303,871775.341921383,4200.70571856072,300.003600043201,600.014400345608,9603.68781612139,456589.387249711,3775519.30261766,8602.95941803981,0,
31.19879,54016.4594866532,8202.69048247825,883132.480225287,5401.16665199683,0,500.010000200004,10004.0016006403,451820.721447129,3731736.54570873,10404.3282005314,100.0004000016,
31.32503,48393.4962347255,7602.31110257518,857967.356902009,3800.57768780855,200.0016000128,600.014400345608,8002.56081946223,417663.039057798,3406257.18302723,6701.7960813498,0,
31.45129,45783.6925900546,7802.43435952017,824098.635661221,4500.81014582625,100.0004000016,300.003600043201,13206.9732818928,456174.649723037,3631779.68559588,10604.4963064339,100.0004000016,
31.57757,52911.7496151873,7702.37233067785,864815.98735314,4300.73972723308,200.0016000128,600.014400345608,11004.8421305374,447053.841894401,3920911.09914543,10304.2453490838,100.0004000016,
31.70378,48393.4962347255,7202.07419736884,867385.159156847,5301.12383825371,300.003600043201,800.025600819226,10904.7544729502,440113.971710593,3530996.73573004,9303.46088745013,200.0016000128,
31.82998,46687.0246138803,8202.69048247825,833812.119984624,4900.9605882753,800.025600819226,600.014400345608,10304.2453490838,438664.327666277,3556605.518073,9403.53572943427,0,
31.95625,49598.2044448007,6601.74286011507,833278.222339792,4600.84655576626,200.0016000128,900.032401166442,11705.4781637807,445810.601742529,3862258.72668252,10004.0016006403,100.0004000016,
32.08244,49397.4116958642,8803.09869073914,830929.334843237,3800.57768780855,800.025600819226,700.019600548815,10504.4118529783,442703.032770202,3745780.0715097,10904.7544729502,0,
32.20876,45181.5074394207,7602.31110257518,817484.839972902,6001.44034568296,500.010000200004,600.014400345608,11805.5722300926,451198.853270784,3709432.12237776,9803.84310649775,0,
32.33492,49397.4116958642,7902.49718911176,842464.337399214,3000.36004320518,400.006400102402,800.025600819226,11305.1099096792,439078.494820604,3543388.08202502,9203.38684635946,0,
32.46116,52811.3262757894,8102.62525058119,854009.646648079,4800.92177698118,0,700.019600548815,10704.5815609081,433488.375878473,3616910.0700419,11505.2924345199,0,
32.58745,47188.9038949381,7802.43435952017,836695.548647397,4300.73972723308,200.0016000128,800.025600819226,11205.0198488923,431832.516123782,3692084.23756479,12606.3536022155,200.0016000128,
32.7136,49598.2044448007,7902.49718911176,865137.105918771,4400.77453631839,600.014400345608,700.019600548815,12606.3536022155,451924.369097699,3606170.90325292,13707.5117164206,0,
32.83992,46486.2785329572,8002.56081946223,823138.358309473,3000.36004320518,500.010000200004,100.0004000016,11004.8421305374,419937.365274332,3449213.85018317,9203.38684635946,0,
32.96624,45482.5963950534,7302.132222609,812473.413152384,4400.77453631839,400.006400102402,700.019600548815,11905.6670975384,432970.896542744,3529344.55622404,9103.31360615264,100.0004000016,
33.09243,41569.0045475489,6301.58800017604,815885.237031132,3400.46246289495,400.006400102402,200.0016000128,13206.9732818928,424176.968543174,3435170.32438219,11004.8421305374,0,
33.21875,42773.0563802976,5901.39272868397,871872.206767523,4900.9605882753,100.0004000016,800.025600819226,12706.4548790786,436904.26770205,3568996.86436798,12606.3536022155,0,
33.34502,47590.4218014227,6001.44034568296,821111.340632101,5001.00020004001,200.0016000128,900.032401166442,11205.0198488923,447571.894480116,3641692.76263187,10204.1632986258,0,
33.47126,44880.4257228954,6101.48876325823,837656.834576986,3300.43565750679,100.0004000016,400.006400102402,12105.8592358702,423866.705717726,3491344.4275861,10004.0016006403,100.0004000016,
33.59757,46084.7960246854,7001.96054895371,780956.741617064,3500.49006860961,200.0016000128,800.025600819226,12906.6598364756,449022.553941748,3445909.49117117,12606.3536022155,0,
33.72389,43475.4734218603,7302.132222609,813113.061435209,2900.33643902693,200.0016000128,200.0016000128,13006.7635170289,424280.391167808,3477300.90178512,11205.0198488923,0,
33.85021,41167.6796653699,7802.43435952017,832424.032007407,3800.57768780855,200.0016000128,900.032401166442,11705.4781637807,444463.895323511,3482257.44030311,10104.0820491479,0,
33.97644,46185.1654450807,5601.25468104855,777099.729021539,4200.70571856072,700.019600548815,600.014400345608,13407.186251831,475785.775136448,3662345.00645683,9003.24116682005,0,
34.10272,49297.0165285281,6801.85010322808,835627.537058624,3500.49006860961,100.0004000016,1000.04000160006,17011.567866149,479005.299633102,3664823.27571583,11505.2924345199,0,
34.22898,40967.0220480706,7702.37233067785,831249.612531256,4000.64010241639,300.003600043201,800.025600819226,13807.6218072376,453064.548971696,3618562.2495479,10504.4118529783,0,
34.35523,47891.5686793148,6001.44034568296,854544.401560373,3300.43565750679,700.019600548815,800.025600819226,15309.3693340324,425314.663694278,3512822.76116407,8703.02865397158,0,
34.4815,39763.1438724695,5501.21026625858,819937.94952512,3500.49006860961,700.019600548815,600.014400345608,13307.0793662228,432142.973404082,3519431.47918806,11705.4781637807,100.0004000016,
34.60779,44278.2840061228,7902.49718911176,850160.064191118,3400.46246289495,600.014400345608,600.014400345608,15910.1188355794,458974.390308481,3681345.0707758,10404.3282005314,0,
34.73408,42271.354045629,4900.9605882753,888474.684620834,4700.88376614804,500.010000200004,700.019600548815,12706.4548790786,433281.381617231,3530996.73573004,10804.6676164103,0,
34.86028,39863.462632511,7102.01697282028,813646.125887989,3500.49006860961,0,500.010000200004,17211.841747122,443842.386591706,3586344.74918095,9503.61137232148,0,
34.98642,46185.1654450807,5901.39272868397,829328.065527972,3900.60849492521,400.006400102402,400.006400102402,15009.0054032419,435662.019062503,3434344.23462919,8202.69048247825,0,
35.11269,36453.0756781874,7402.19104855037,818764.66505833,3500.49006860961,400.006400102402,700.019600548815,14508.4148806308,433695.373509077,3388909.29821426,7702.37233067785,0,
35.23892,40264.7457111035,7502.25067520256,815458.709722721,3000.36004320518,300.003600043201,600.014400345608,15910.1188355794,426142.142305032,3369083.14414229,8002.56081946223,100.0004000016,
35.36519,39060.9350586916,7702.37233067785,865458.232458046,3800.57768780855,100.0004000016,600.014400345608,14808.7667899396,447261.060397547,3493822.6968451,8102.62525058119,0,
35.49148,43676.1712426472,7202.07419736884,829541.55663282,3600.51847466035,900.032401166442,600.014400345608,16410.7654621432,443324.485841299,3381474.49043727,9803.84310649775,100.0004000016,
35.61767,40164.423735672,3900.60849492521,799154.613301631,3200.40965243551,200.0016000128,1200.05760276493,15109.1259120509,415079.071394007,3329430.83599835,9503.61137232148,0,
35.74399,42171.0159909287,6301.58800017604,822818.281729013,4300.73972723308,400.006400102402,600.014400345608,16110.3750815525,422418.912652636,3397170.19574425,8502.8909829342,100.0004000016,
35.87014,39763.1438724695,7402.19104855037,849090.939169851,3100.38444767151,600.014400345608,200.0016000128,15910.1188355794,434005.876272718,3435996.41413519,8402.82334864514,0,
35.99647,39863.462632511,5101.04061228491,853581.858645024,4100.67251029169,400.006400102402,600.014400345608,18914.2992102029,445085.434418855,3366604.8748833,8703.02865397158,0,
36.12272,38258.4589252378,6301.58800017604,854437.448808214,3600.51847466035,400.006400102402,400.006400102402,15409.4922472243,426866.230273837,3384778.84944927,8602.95941803981,100.0004000016,
36.249,38860.311202987,7602.31110257518,841823.233659698,2800.31363512713,200.0016000128,1100.04840212969,18213.259252736,429142.203831867,3491344.4275861,9903.92195309342,0,
36.37528,38158.1530252104,6501.69043951427,841502.693718241,2800.31363512713,400.006400102402,600.014400345608,19014.4509827469,419833.977980323,3288126.34834842,9903.92195309342,0,
36.50157,37155.1382251261,6201.53798141939,812260.204102704,3900.60849492521,100.0004000016,700.019600548815,17812.6826300326,419730.591527299,3356691.79784731,8102.62525058119,0,
36.62783,38358.7656289435,6601.74286011507,869205.298013245,3600.51847466035,100.0004000016,400.006400102402,18814.1482394761,400825.018796611,3409561.54203923,9903.92195309342,100.0004000016,
36.75419,39863.462632511,6801.85010322808,883132.480225287,3700.5476810568,500.010000200004,400.006400102402,17912.8255831175,424176.968543174,3446735.58092417,9103.31360615264,0,
36.88044,39462.1924152464,5501.21026625858,860000.165504001,3500.49006860961,200.0016000128,300.003600043201,17512.2585810067,429762.99460889,3428561.6063582,9903.92195309342,0,
37.00679,38860.311202987,6901.90492575951,882703.727937583,3400.46246289495,300.003600043201,600.014400345608,23622.2994506814,425831.8315142,3233604.4246505,8502.8909829342,0,
37.13303,39462.1924152464,6901.90492575951,873167.662266158,2600.27042812453,100.0004000016,600.014400345608,19915.8530190031,417042.838900682,3264995.83526445,9003.24116682005,100.0004000016,
37.25932,40465.3920735909,7102.01697282028,851015.427886007,3100.38444767151,300.003600043201,400.006400102402,19014.4509827469,410016.018474098,3339343.91303434,8302.75651516303,100.0004000016,
37.38553,39060.9350586916,7302.132222609,871132.783071587,3200.40965243551,300.003600043201,1100.04840212969,21518.505915087,410016.018474098,3282343.72007743,9003.24116682005,0,
37.5117,43676.1712426472,7202.07419736884,867920.467526447,4000.64010241639,600.014400345608,300.003600043201,17512.2585810067,415699.175718044,3175778.14194059,9003.24116682005,0,
37.63793,35249.6314811254,5401.16665199683,821964.78297155,2300.21161946899,100.0004000016,800.025600819226,17011.567866149,387721.279378671,3243517.50168649,7702.37233067785,0,
37.76416,37957.5436361524,5201.0818250196,863210.514119244,4100.67251029169,400.006400102402,300.003600043201,18814.1482394761,404128.882258976,3335213.46426934,8903.16952835209,0,
37.89042,42171.0159909287,6501.69043951427,884633.225101054,3500.49006860961,600.014400345608,900.032401166442,20416.6599945556,433591.874272599,3204691.28329555,6801.85010322808,0,
38.01671,42070.6787402837,5801.34591225164,888278.615867651,4000.64010241639,100.0004000016,600.014400345608,20016.0128102482,413322.27345548,3179082.50095259,10104.0820491479,0,
38.14291,41368.3404985035,5901.39272868397,877774.097383239,3100.38444767151,700.019600548815,800.025600819226,20917.487019148,423453.033729804,3247647.95045148,8002.56081946223,0,
38.26922,39361.8768704403,7602.31110257518,875095.73785423,3000.36004320518,0,500.010000200004,20717.1538033492,417456.302309125,3312909.04093838,7902.49718911176,200.0016000128,
38.39538,38760.0004807442,7202.07419736884,878416.986178855,4400.77453631839,400.006400102402,600.014400345608,19214.7569333248,424383.814633869,3195604.29601256,9303.46088745013,0,
38.52167,38358.7656289435,7102.01697282028,901796.96306611,2900.33643902693,500.010000200004,400.006400102402,23121.3641404658,396799.596901997,3230300.06563851,8602.95941803981,0,
38.64796,39462.1924152464,6401.6388195378,884847.631432902,3500.49006860961,200.0016000128,600.014400345608,19214.7569333248,409809.406101607,3277387.18155944,9803.84310649775,100.0004000016,
38.77424,37656.6355799122,6301.58800017604,902763.099545355,3600.51847466035,200.0016000128,400.006400102402,18914.2992102029,413632.278972557,3263343.65575846,9903.92195309342,0,
38.90052,44980.7854907414,6401.6388195378,927047.510796023,2700.2916314962,100.0004000016,500.010000200004,21919.201220269,399689.514195378,3288952.43810142,10604.4963064339,0,
39.02672,43375.1257177431,7001.96054895371,923713.769017636,4400.77453631839,400.006400102402,400.006400102402,22219.7311212357,415802.529380668,3186517.30872958,12306.0545788528,0,
39.15295,41769.6718125834,7302.132222609,897611.204342511,4300.73972723308,0,400.006400102402,20416.6599945556,396180.414465664,3288952.43810142,10604.4963064339,0,
39.27925,44478.9946945776,6301.58800017604,891817.77131518,3100.38444767151,300.003600043201,800.025600819226,19915.8530190031,403509.342394596,3196430.38576556,12406.1534521122,0,
39.40551,37857.2401471024,7202.07419736884,877452.664963585,2700.2916314962,300.003600043201,900.032401166442,21217.9928579435,397831.634726354,3240213.14267449,10204.1632986258,0,
39.53179,41067.3504547458,7302.132222609,909635.482520324,4200.70571856072,100.0004000016,900.032401166442,21618.6785382571,416629.388943563,3264995.83526445,13507.2939387269,0,
39.6581,45382.2326054811,6001.44034568296,891174.216533068,3200.40965243551,500.010000200004,200.0016000128,19915.8530190031,398966.973215265,3192299.93700057,11305.1099096792,0,
39.78436,44980.7854907414,6301.58800017604,914362.361565476,2700.2916314962,300.003600043201,900.032401166442,22019.3770518056,398760.540485624,3219560.89884953,11104.9305891816,0,
39.91059,39863.462632511,8002.56081946223,911031.880933626,2700.2916314962,100.0004000016,1000.04000160006,23522.1107841371,405161.515854853,3101430.06417071,12306.0545788528,200.0016000128,
40.03684,44679.7086001427,6701.7960813498,884097.224810632,3300.43565750679,500.010000200004,800.025600819226,22720.6303323418,397109.199442483,3133647.56453766,12806.5569571621,0,
40.16315,43776.5213593361,6501.69043951427,869526.525577718,2400.23042212052,200.0016000128,1200.05760276493,21518.505915087,404748.452342724,3187343.39848258,9503.61137232148,0,
40.28939,41569.0045475489,6301.58800017604,918446.05438312,2400.23042212052,300.003600043201,300.003600043201,21418.3340939844,401754.143534136,3354213.52858832,11705.4781637807,0,
40.41566,43174.4327220127,8102.62525058119,905554.565387692,3200.40965243551,200.0016000128,400.006400102402,23321.7358578195,405058.248717553,3179908.59070559,14908.8856958747,0,
40.54199,45984.4274087224,7802.43435952017,925864.472024955,3100.38444767151,400.006400102402,300.003600043201,19415.0660912868,417559.670263082,3422778.97808721,12105.8592358702,0,
40.66823,48192.7227986646,8002.56081946223,906413.599001878,3800.57768780855,300.003600043201,900.032401166442,23922.8702639724,411462.399167317,3182386.85996458,14908.8856958747,0,
40.79445,40666.0416516423,7302.132222609,858930.226400106,3600.51847466035,400.006400102402,300.003600043201,25225.4272306485,398760.540485624,3167517.24441061,14808.7667899396,0,
40.92061,44579.3512452165,8202.69048247825,921885.951996815,4400.77453631839,600.014400345608,600.014400345608,24423.8376655616,412392.302281423,3250126.21971048,13507.2939387269,200.0016000128,
41.04689,44478.9946945776,8002.56081946223,878095.53778823,4400.77453631839,300.003600043201,500.010000200004,23221.549598027,410222.634206632,3142734.55182064,13307.0793662228,100.0004000016,
41.17318,49799.0004128207,7202.07419736884,852191.64539893,4000.64010241639,100.0004000016,800.025600819226,23822.6791905894,384834.084724422,3254256.66847547,12906.6598364756,100.0004000016,
41.29947,43876.872280235,8402.82334864514,865565.276409777,3800.57768780855,300.003600043201,600.014400345608,24824.6260290208,400721.786910297,3285648.07908942,15910.1188355794,100.0004000016,
41.42574,47791.1855820906,5801.34591225164,850694.6598669,4200.70571856072,200.0016000128,400.006400102402,22920.9956319989,393910.337149869,3206343.46280155,15509.6159618964,0,
41.55196,50301.0044168691,6501.69043951427,869205.298013245,2800.31363512713,400.006400102402,400.006400102402,25826.6531060054,377309.842741886,3182386.85996458,14608.5313823273,100.0004000016,
41.67827,49096.2286080718,7302.132222609,889565.469533159,3800.57768780855,400.006400102402,600.014400345608,28332.0719053969,393188.12492636,3165038.97515161,13206.9732818928,0,
41.80458,49799.0004128207,7602.31110257518,899435.599499416,4400.77453631839,200.0016000128,800.025600819226,26327.6967369673,405161.515854853,3784606.28990064,13407.186251831,0,
41.9309,54920.3854849831,8402.82334864514,923176.14901886,4100.67251029169,200.0016000128,500.010000200004,27129.408278574,402580.089254505,3383126.66994327,14808.7667899396,100.0004000016,
42.05716,48192.7227986646,6901.90492575951,893319.523562921,3700.5476810568,300.003600043201,600.014400345608,23922.8702639724,392362.789828429,3064256.02528577,15910.1188355794,0,
42.18345,48293.1091143725,9303.46088745013,884526.023267083,3800.57768780855,300.003600043201,400.006400102402,27430.063349431,397109.199442483,3170821.6034226,16310.634533716,100.0004000016,
42.30972,50301.0044168691,8602.95941803981,877559.808216229,3900.60849492521,100.0004000016,400.006400102402,27329.8441898553,405884.40932335,3383126.66994327,14808.7667899396,200.0016000128,
42.43597,57331.1737254839,8703.02865397158,922316.003401008,2100.17641481884,300.003600043201,500.010000200004,30837.992406645,403612.596940186,3331083.01550435,16611.0297237366,200.0016000128,
42.56217,54016.4594866532,8202.69048247825,876702.687036807,2300.21161946899,400.006400102402,400.006400102402,28131.6199408135,408466.507575788,3127038.84651367,14107.9568876847,0,
42.6884,53916.0272907297,7902.49718911176,865351.189392309,3900.60849492521,400.006400102402,700.019600548815,28532.5270808722,397109.199442483,2970081.79344391,15109.1259120509,100.0004000016,
42.81463,53112.5987092636,9703.76506084361,857967.356902009,3800.57768780855,300.003600043201,500.010000200004,26227.4864057532,381122.942098552,3349256.99007032,16611.0297237366,100.0004000016,
42.94091,58938.6236428079,6801.85010322808,884740.42782299,2800.31363512713,400.006400102402,400.006400102402,32642.5659059413,406297.509776343,3440126.86290018,16510.8971921468,0,
43.06709,55322.1513100927,7402.19104855037,853047.143548527,4000.64010241639,200.0016000128,500.010000200004,27530.2833116428,382772.204849125,3127864.93626667,13507.2939387269,200.0016000128,
43.19333,50702.6221071449,8202.69048247825,855186.136656035,3100.38444767151,300.003600043201,100.0004000016,31138.7365883159,380298.391092124,3179908.59070559,16611.0297237366,100.0004000016,
43.31957,53715.1653144341,8703.02865397158,816738.333932282,2400.23042212052,400.006400102402,400.006400102402,27630.5040765005,391537.508379207,3217908.71934353,17912.8255831175,100.0004000016,
43.4458,50903.435781508,8302.75651516303,865886.413581039,3900.60849492521,500.010000200004,500.010000200004,30637.5003003677,402270.353315098,3240213.14267449,16611.0297237366,0,
43.57201,58235.3389276679,9403.53572943427,858716.249203552,3200.40965243551,100.0004000016,800.025600819226,31639.9929510902,399173.409300568,3150169.35959763,16611.0297237366,100.0004000016,
43.69821,53112.5987092636,8903.16952835209,829968.549430294,3500.49006860961,200.0016000128,300.003600043201,32341.7855869784,377309.842741886,3166691.15465761,13907.7326993809,100.0004000016,
43.82453,52610.4820122257,7802.43435952017,822818.281729013,3300.43565750679,300.003600043201,800.025600819226,34748.2305439951,386999.419145453,3105560.5129357,15409.4922472243,0,
43.95085,49999.7996000016,6801.85010322808,869312.372981676,3500.49006860961,300.003600043201,400.006400102402,35149.3496869605,384421.681951473,3145212.82107964,14908.8856958747,200.0016000128,
44.0772,55422.5947796526,9303.46088745013,842036.931371819,3000.36004320518,600.014400345608,700.019600548815,32442.0448901777,372879.842160389,3239387.05292149,14908.8856958747,100.0004000016,
44.20351,54418.1963224123,8202.69048247825,843212.331967433,2900.33643902693,500.010000200004,200.0016000128,31639.9929510902,380813.729192809,3226995.70662651,15009.0054032419,0,
44.32983,56125.7216164208,10004.0016006403,861926.279027426,2900.33643902693,300.003600043201,600.014400345608,31339.2367243789,396696.397732583,3117951.85923068,13707.5117164206,100.0004000016,
44.45615,52510.0610880405,8803.09869073914,820151.285430412,3900.60849492521,100.0004000016,300.003600043201,36352.7842427204,377722.014463271,3232778.3348975,16410.7654621432,0,
44.58251,55723.9300203653,7502.25067520256,859358.191417176,3000.36004320518,200.0016000128,600.014400345608,37054.8411649241,389474.539434932,3207169.55255454,14408.2991803279,100.0004000016,
44.70883,60445.7952581627,9003.24116682005,849625.490625892,3400.46246289495,100.0004000016,700.019600548815,35550.4816839913,387308.782790248,3270778.46353545,14808.7667899396,0,
44.8351,57130.2569859279,9503.61137232148,848021.902579839,4300.73972723308,300.003600043201,600.014400345608,37857.2401471024,405987.683177171,3089038.71787573,18613.8487034354,100.0004000016,
44.96129,56025.2725093309,7802.43435952017,852191.64539893,3300.43565750679,200.0016000128,500.010000200004,38960.6227289663,385349.607034788,3282343.72007743,14608.5313823273,100.0004000016,
45.08753,59943.3845759056,10604.4963064339,837122.778007441,3200.40965243551,400.006400102402,100.0004000016,33444.6820952793,394529.408896618,3329430.83599835,14208.0701838644,100.0004000016,
45.21381,53514.3065588096,7302.132222609,843212.331967433,3700.5476810568,300.003600043201,900.032401166442,36753.9548056547,409602.797089076,3062603.84577977,16110.3750815525,300.003600043201,
45.33998,53614.7355340429,8202.69048247825,838084.095729068,3400.46246289495,500.010000200004,500.010000200004,32442.0448901777,401444.427735939,3230300.06563851,15609.7404780583,100.0004000016,
45.4662,58436.2733895444,64660.364369116,865244.147212554,3300.43565750679,100.0004000016,600.014400345608,39060.9350586916,424280.391167808,3278213.27131243,15309.3693340324,0,
45.59248,55422.5947796526,8903.16952835209,850373.899808087,3100.38444767151,200.0016000128,600.014400345608,40264.7457111035,405677.8641345,3212952.18082554,14408.2991803279,200.0016000128,
45.71871,50602.2164772841,9003.24116682005,839472.792068729,3500.49006860961,400.006400102402,1200.05760276493,35951.6265357053,389165.123005427,3089864.80762873,15109.1259120509,100.0004000016,
45.845,56929.3434683601,10404.3282005314,826126.122403441,3500.49006860961,200.0016000128,400.006400102402,38258.4589252378,389268.260977304,3161734.61613962,17512.2585810067,0,
45.97121,56527.5260988791,9803.84310649775,820791.314298935,2600.27042812453,200.0016000128,400.006400102402,36152.2037822616,395458.07311454,3236082.6939095,14708.648685427,100.0004000016,
46.09738,62154.1422728366,8102.62525058119,808316.471899905,3700.5476810568,400.006400102402,800.025600819226,39963.7821963854,401650.904095559,3219560.89884953,13907.7326993809,0,
46.22367,54016.4594866532,9103.31360615264,816738.333932282,3000.36004320518,300.003600043201,700.019600548815,40565.7164606663,387308.782790248,3048560.31997879,14107.9568876847,200.0016000128,
46.34995,60546.2798120259,8502.8909829342,826232.8410509,2600.27042812453,300.003600043201,400.006400102402,40064.1025641026,388958.849575497,3275735.00205344,14208.0701838644,200.0016000128,
46.47625,60445.7952581627,10704.5815609081,819724.617145123,3100.38444767151,500.010000200004,300.003600043201,41970.3422936842,384524.781388473,3280691.54057143,15409.4922472243,0,
46.60251,59340.5183474468,9203.38684635946,771282.956316645,4200.70571856072,600.014400345608,500.010000200004,38459.0731363374,390093.394919544,3154299.80836263,14608.5313823273,300.003600043201,
46.72884,62254.6405270692,8803.09869073914,833705.33869021,3300.43565750679,600.014400345608,600.014400345608,48493.8841597332,391537.508379207,3041951.6019548,13807.6218072376,200.0016000128,
46.85506,65571.5351359155,11805.5722300926,835413.945336398,3500.49006860961,700.019600548815,900.032401166442,42572.3730341581,399276.628601617,3288126.34834842,14808.7667899396,100.0004000016,
46.98138,55221.7086458555,12606.3536022155,848352.029808666,3200.40965243551,300.003600043201,400.006400102402,46988.1497689666,390196.54043338,3187343.39848258,15709.8657957197,200.0016000128,
47.10764,54317.7609056434,8102.62525058119,831569.898161619,2600.27042812453,300.003600043201,800.025600819226,49397.4116958642,400205.640064862,3079125.64083974,12406.1534521122,0,
47.23393,56427.0737701303,9003.24116682005,837870.463386704,4200.70571856072,200.0016000128,600.014400345608,46787.3988610725,413322.27345548,3117125.76947768,17812.6826300326,100.0004000016,
47.3602,58637.211073913,8703.02865397158,825699.256633073,4000.64010241639,300.003600043201,400.006400102402,44980.7854907414,388855.714117422,3198082.56527156,14408.2991803279,200.0016000128,
47.48644,54518.6325444167,9603.68781612139,855400.055433978,3000.36004320518,200.0016000128,600.014400345608,47690.8032894631,413012.27550145,3274082.82254744,13807.6218072376,400.006400102402,
47.61276,58335.8057557995,8102.62525058119,821644.735483071,4300.73972723308,300.003600043201,1100.04840212969,49196.6221659339,422315.505171916,3415344.17031022,15709.8657957197,200.0016000128,
47.73904,56025.2725093309,9103.31360615264,837229.587555137,3700.5476810568,200.0016000128,500.010000200004,43977.2240053534,393703.986608376,3039473.33269581,16010.246557797,300.003600043201,
47.8652,54819.9460419398,9703.76506084361,826446.280991736,3000.36004320518,400.006400102402,300.003600043201,51807.1371596461,385452.714009521,3349256.99007032,14508.4148806308,400.006400102402,
47.99138,59440.9940378578,8502.8909829342,896860.057511747,3200.40965243551,300.003600043201,400.006400102402,48594.2728894055,395974.027029443,3220386.98860252,13707.5117164206,100.0004000016,
48.11761,60244.8285678772,8602.95941803981,820897.988861897,3600.51847466035,200.0016000128,1100.04840212969,49196.6221659339,411669.038422444,3015516.72985884,14208.0701838644,200.0016000128,
48.24385,58737.681124556,8903.16952835209,813006.451186572,1900.14441097523,200.0016000128,800.025600819226,49598.2044448007,385040.29113595,3243517.50168649,15809.9919148902,300.003600043201,
48.37017,58838.151980851,6401.6388195378,822178.152371509,3300.43565750679,500.010000200004,400.006400102402,47891.5686793148,401960.624928874,3069212.56380376,15309.3693340324,100.0004000016,
48.49644,57130.2569859279,10004.0016006403,851763.917555623,3400.46246289495,600.014400345608,800.025600819226,56226.1715289109,393703.986608376,2969255.70369092,13006.7635170289,0,
48.62268,56226.1715289109,9903.92195309342,845563.453959747,3200.40965243551,400.006400102402,400.006400102402,50602.2164772841,400721.786910297,3203865.19354255,13206.9732818928,200.0016000128,
48.74899,59742.4259434492,7602.31110257518,854758.309719321,2500.2500250025,200.0016000128,300.003600043201,52510.0610880405,388443.180664162,3169169.4239166,14208.0701838644,200.0016000128,
48.87518,57632.5548762153,12105.8592358702,883561.246717964,2900.33643902693,600.014400345608,700.019600548815,52510.0610880405,406090.957870604,3274908.91230044,14508.4148806308,100.0004000016,
49.00147,61852.6523459899,11805.5722300926,880988.860822394,4400.77453631839,400.006400102402,200.0016000128,53413.8783887248,404541.925623631,3089864.80762873,15809.9919148902,300.003600043201,
49.12775,56427.0737701303,9603.68781612139,895357.894562389,3500.49006860961,1100.04840212969,500.010000200004,48995.8358549322,392362.789828429,3167517.24441061,14408.2991803279,200.0016000128,
49.25404,62857.6469786224,9203.38684635946,861070.193151161,3500.49006860961,300.003600043201,200.0016000128,52007.9685426946,398450.897682849,2984951.40899789,14508.4148806308,200.0016000128,
49.3803,57029.7998244003,8302.75651516303,864494.876760855,2900.33643902693,400.006400102402,700.019600548815,49799.0004128207,377618.970277733,3030386.34541282,20116.1734034163,0,
49.50659,59240.0434627459,9403.53572943427,883561.246717964,3500.49006860961,500.010000200004,400.006400102402,54217.3262941004,387618.153974889,2977516.6012209,16310.634533716,200.0016000128,
49.63287,54418.1963224123,10304.2453490838,830609.065097268,3600.51847466035,200.0016000128,400.006400102402,53012.1737596755,373394.879039952,2821385.63790415,13206.9732818928,100.0004000016,
49.75917,55121.2667869313,8502.8909829342,852191.64539893,3000.36004320518,0,200.0016000128,50602.2164772841,354455.28488266,2833776.98419913,11705.4781637807,100.0004000016,
49.88544,57532.0936871056,10804.6676164103,854865.26512613,2900.33643902693,200.0016000128,600.014400345608,51204.6623298021,375661.28973321,3317865.57945637,12306.0545788528,100.0004000016,
50.01165,56627.9792330667,9203.38684635946,871668.246563208,3200.40965243551,200.0016000128,900.032401166442,49297.0165285281,369996.021984624,2844516.15098811,15609.7404780583,100.0004000016,
50.13788,56427.0737701303,8602.95941803981,822498.213083124,3700.5476810568,500.010000200004,800.025600819226,55723.9300203653,351164.328275269,2827168.26617514,16110.3750815525,0,
50.26428,57532.0936871056,9803.84310649775,882489.357120376,4300.73972723308,300.003600043201,600.014400345608,51907.5524486736,374012.95089621,2869298.84357807,11405.2007715518,0,
50.3906,55221.7086458555,8102.62525058119,869847.761119895,3100.38444767151,100.0004000016,500.010000200004,54418.1963224123,367833.587011669,2786689.8682782,13206.9732818928,300.003600043201,
50.51691,62656.64160401,9603.68781612139,866338.047483086,2100.17641481884,800.025600819226,300.003600043201,54116.8924877736,359702.013357462,2941994.74184196,15910.1188355794,100.0004000016,
50.64314,59139.5693837456,9603.68781612139,884847.631432902,3400.46246289495,300.003600043201,800.025600819226,55523.0390545449,358775.96231483,3073343.01256875,13106.8679988314,100.0004000016,
50.76942,62455.6394535182,8602.95941803981,886777.448267864,2400.23042212052,900.032401166442,900.032401166442,48493.8841597332,347668.622830747,2926299.03653498,15309.3693340324,200.0016000128,
50.89566,57833.4796710809,9603.68781612139,853261.026932893,3800.57768780855,400.006400102402,700.019600548815,50301.0044168691,364333.283281049,3324474.29748036,12606.3536022155,300.003600043201,
51.02187,60445.7952581627,8602.95941803981,906843.137173626,3000.36004320518,700.019600548815,400.006400102402,50301.0044168691,365465.628779454,2938690.38282996,14007.84439286,200.0016000128,
51.14815,65269.9629836093,9303.46088745013,883561.246717964,2500.2500250025,400.006400102402,200.0016000128,54116.8924877736,371334.856966563,2771820.25272422,15409.4922472243,100.0004000016,
51.27441,59240.0434627459,11505.2924345199,890316.193253605,4100.67251029169,300.003600043201,900.032401166442,57833.4796710809,365362.684101802,2870951.02308407,14107.9568876847,200.0016000128,
51.4006,64063.7469371714,9403.53572943427,888600.317290685,4100.67251029169,0,400.006400102402,54016.4594866532,344276.654068872,2775950.70148922,12706.4548790786,200.0016000128,
51.52693,57632.5548762153,11305.1099096792,919198.453971651,3500.49006860961,200.0016000128,600.014400345608,49397.4116958642,336468.299010864,2667732.94384639,16110.3750815525,0,
51.65316,61551.1696727162,8502.8909829342,883668.440560744,3100.38444767151,400.006400102402,1000.04000160006,53112.5987092636,334825.04783215,2808168.20185617,16110.3750815525,200.0016000128,
51.77938,62656.64160401,8502.8909829342,872096.633315809,3100.38444767151,100.0004000016,500.010000200004,49397.4116958642,350238.9006514,2787515.9580312,19515.221873061,100.0004000016,
51.90554,64566.3228476556,9903.92195309342,883346.86169596,2600.27042812453,400.006400102402,300.003600043201,50903.435781508,344687.753446878,2713993.97001431,15609.7404780583,300.003600043201,
52.03183,62154.1422728366,10704.5815609081,919305.943193176,3300.43565750679,300.003600043201,600.014400345608,51003.8438260298,356924.06311237,2735472.30359228,16310.634533716,100.0004000016,
52.15807,59641.9478358493,10104.0820491479,884633.225101054,2600.27042812453,200.0016000128,400.006400102402,48795.0527627819,329896.572966313,2736298.39334528,15709.8657957197,0,
52.28428,64767.3588552821,10604.4963064339,931350.380257322,3000.36004320518,200.0016000128,900.032401166442,52309.2216548153,362892.262491732,2715646.14952031,14408.2991803279,400.006400102402,
52.41055,57029.7998244003,10904.7544729502,881417.556297259,2900.33643902693,600.014400345608,500.010000200004,46185.1654450807,331949.871111039,2875081.47184906,14708.648685427,100.0004000016,
52.53689,65169.4405454181,8803.09869073914,894392.31040126,3700.5476810568,500.010000200004,300.003600043201,53012.1737596755,337290.004540442,2633037.17422044,17812.6826300326,200.0016000128,
52.66321,63561.1911808346,10004.0016006403,925972.016542844,3900.60849492521,200.0016000128,900.032401166442,51807.1371596461,354969.574036511,2688385.18767135,16310.634533716,100.0004000016,
52.78952,64365.2900648866,11205.0198488923,924466.474479955,3200.40965243551,300.003600043201,300.003600043201,51305.072789072,335338.540927719,2648732.87952742,16210.5044068556,100.0004000016,
52.91584,63963.2341736111,11004.8421305374,890423.443053496,2800.31363512713,100.0004000016,200.0016000128,43876.872280235,324867.398994299,2621471.91767846,17712.5404786589,300.003600043201,
53.04211,67280.5810796177,10604.4963064339,891710.50996313,3200.40965243551,100.0004000016,600.014400345608,43876.872280235,346743.450401492,2599167.49434749,14808.7667899396,0,
53.16838,66878.4316556573,13607.4024269202,890423.443053496,2400.23042212052,200.0016000128,200.0016000128,53313.4510237786,329383.300438908,2664428.58483439,18613.8487034354,100.0004000016,
53.29466,66878.4316556573,9603.68781612139,888278.615867651,3700.5476810568,300.003600043201,400.006400102402,51405.4840532773,343454.495320585,2677646.02088237,16510.8971921468,0,
53.4209,71202.2142885796,9403.53572943427,888385.848786974,2300.21161946899,300.003600043201,400.006400102402,48694.6624237518,342735.150170911,2550428.19892057,16310.634533716,0,
53.54712,69593.1906973759,10904.7544729502,896001.657344106,3200.40965243551,200.0016000128,100.0004000016,53313.4510237786,332976.645022171,2562819.54521555,21217.9928579435,100.0004000016,
53.6734,70900.5066327574,10904.7544729502,888922.026709083,2700.2916314962,400.006400102402,800.025600819226,50803.0285418829,330615.189452737,2735472.30359228,17712.5404786589,100.0004000016,
53.79964,65169.4405454181,10004.0016006403,905339.815885569,2300.21161946899,200.0016000128,800.025600819226,50401.4076321559,314404.9089694,2471949.67238569,16010.246557797,0,
53.92584,68386.5585316744,11205.0198488923,890530.693741948,5301.12383825371,100.0004000016,400.006400102402,48393.4962347255,329177.997252291,2659472.0463164,16410.7654621432,100.0004000016,
54.05217,66978.9678019669,10004.0016006403,898159.463368599,3400.46246289495,400.006400102402,400.006400102402,52911.7496151873,336776.432338645,2712341.79050832,17612.3991289868,100.0004000016,
54.1784,73414.9589999519,10704.5815609081,907272.689589422,2700.2916314962,200.0016000128,600.014400345608,49799.0004128207,331847.1982977,2617341.46891346,18213.259252736,100.0004000016,
54.3047,72409.1175314308,10904.7544729502,893855.905870655,3000.36004320518,600.014400345608,500.010000200004,50602.2164772841,322302.263206087,2644602.43076242,16410.7654621432,500.010000200004,
54.43091,69190.9670691107,11705.4781637807,888707.552875096,3400.46246289495,400.006400102402,800.025600819226,54920.3854849831,323328.255161907,2827994.35592814,16711.163056922,100.0004000016,
54.55708,71101.6442631302,11505.2924345199,926187.108255313,3100.38444767151,500.010000200004,600.014400345608,49799.0004128207,335852.054838945,2605776.21237148,15509.6159618964,0,
54.68331,67079.5047547236,10504.4118529783,887742.464595923,2700.2916314962,300.003600043201,300.003600043201,53112.5987092636,319532.500151917,2656167.6873044,15609.7404780583,200.0016000128,
54.80954,66275.2317126482,12806.5569571621,862033.293747181,3100.38444767151,400.006400102402,1400.07840439065,54418.1963224123,327638.3294295,2710689.61100232,16811.2971917128,200.0016000128,
54.9358,67682.7434071994,11805.5722300926,917693.698475625,3800.57768780855,300.003600043201,800.025600819226,53413.8783887248,325175.250212731,2770168.07321823,14908.8856958747,100.0004000016,
55.062,61350.1852535006,12005.7627661277,848342.604272214,3400.46246289495,400.006400102402,700.019600548815,50401.4076321559,328767.400863204,2684254.73890636,15609.7404780583,200.0016000128,
55.18821,65269.9629836093,11004.8421305374,848984.031531625,4200.70571856072,200.0016000128,300.003600043201,54116.8924877736,319635.073163618,2620645.82792546,12806.5569571621,300.003600043201,
55.31448,60546.2798120259,10004.0016006403,871454.058506741,3400.46246289495,400.006400102402,700.019600548815,50602.2164772841,347463.023120942,2713993.97001431,19314.911111378,200.0016000128,
55.44076,69090.4131787206,12906.6598364756,916296.581951476,2900.33643902693,300.003600043201,500.010000200004,52811.3262757894,349313.540589321,2694993.90569534,16110.3750815525,100.0004000016,
55.56706,64063.7469371714,13407.186251831,896108.95425297,2500.2500250025,600.014400345608,800.025600819226,49799.0004128207,318506.815742035,2756124.54741725,17412.118834709,200.0016000128,
55.69322,60244.8285678772,12506.2531265633,893212.249767997,2200.1936170383,0,200.0016000128,46185.1654450807,329485.95328027,2795776.85556119,17011.567866149,400.006400102402,
55.81944,67381.1204517744,9403.53572943427,909957.714949009,3000.36004320518,300.003600043201,800.025600819226,51104.2526754579,327946.248019355,2522341.14731861,17712.5404786589,300.003600043201,
55.94576,64264.7748827995,10904.7544729502,860214.16394962,2000.16001280102,200.0016000128,200.0016000128,49698.6020264204,316660.793201363,2704906.98273133,15009.0054032419,300.003600043201,
56.07202,55422.5947796526,8602.95941803981,832744.346762227,1600.10240655402,100.0004000016,200.0016000128,47991.9525811455,303746.16901283,2555384.73743856,12506.2531265633,100.0004000016,
56.19826,61350.1852535006,8703.02865397158,813219.672564471,2600.27042812453,500.010000200004,300.003600043201,58436.2733895444,322815.248791595,2388514.60733282,12205.9565067753,100.0004000016,
56.32458,53213.0244639615,7302.132222609,734901.764477707,1800.12960933187,600.014400345608,500.010000200004,45281.8696202735,307434.716941404,2457080.05683172,13607.4024269202,100.0004000016,
56.45085,55623.4841347792,10604.4963064339,817911.434236616,2100.17641481884,400.006400102402,500.010000200004,42371.6929043942,309689.358996683,2599167.49434749,14908.8856958747,0,
56.57711,53614.7355340429,8102.62525058119,798196.190122387,2600.27042812453,500.010000200004,300.003600043201,49698.6020264204,300980.463594925,2557863.00669756,11004.8421305374,0,
56.70343,60847.7383086133,9503.61137232148,790105.677537024,3000.36004320518,500.010000200004,400.006400102402,39060.9350586916,302619.327152747,2552906.46817956,12005.7627661277,500.010000200004,
56.82966,52007.9685426946,8602.95941803981,819831.282894465,2900.33643902693,200.0016000128,900.032401166442,41368.3404985035,290128.352459414,2545471.66040258,11405.2007715518,0,
56.95595,52409.640968907,8102.62525058119,809382.226627024,1900.14441097523,200.0016000128,200.0016000128,44378.6389482162,314815.039835393,2654515.50779841,13407.186251831,100.0004000016,
57.08221,56326.6222468108,10504.4118529783,827086.621982363,2800.31363512713,300.003600043201,300.003600043201,41769.6718125834,302926.637706624,2449645.24905473,11505.2924345199,100.0004000016,
57.20845,50501.811652291,7602.31110257518,815245.451353751,3000.36004320518,400.006400102402,200.0016000128,46285.535669918,315430.261052717,2763559.35519424,11004.8421305374,300.003600043201,
57.33473,52309.2216548153,9503.61137232148,826446.280991736,2400.23042212052,0,600.014400345608,43676.1712426472,298624.969135678,2478558.39040968,11004.8421305374,0,
57.46092,62757.1438882963,7902.49718911176,790424.943673712,3700.5476810568,200.0016000128,700.019600548815,43977.2240053534,314917.574628377,2731341.85482729,12005.7627661277,0,
57.58712,49999.7996000016,8402.82334864514,842571.191115117,3000.36004320518,800.025600819226,300.003600043201,42070.6787402837,308664.471899284,2581819.60953452,10404.3282005314,0,
57.71339,52309.2216548153,7902.49718911176,807996.762644886,2700.2916314962,600.014400345608,300.003600043201,44579.3512452165,301390.159580928,2527297.68583661,12506.2531265633,0,
57.83963,50602.2164772841,5901.39272868397,810874.431128328,3000.36004320518,200.0016000128,300.003600043201,43876.872280235,321686.70793764,2599993.58410049,11905.6670975384,0,
57.96585,47690.8032894631,7802.43435952017,821964.78297155,3600.51847466035,300.003600043201,300.003600043201,39361.8768704403,317788.886098306,2599167.49434749,12306.0545788528,0,
58.09205,43375.1257177431,6201.53798141939,790212.0987043,2600.27042812453,200.0016000128,500.010000200004,38358.7656289435,303848.614158819,2472775.76213869,12606.3536022155,0,
58.21821,45482.5963950534,5401.16665199683,800539.12806562,1700.11560786133,200.0016000128,700.019600548815,40666.0416516423,303131.515556365,2517384.60880062,11104.9305891816,0,
58.34444,42973.74294289,8202.69048247825,796386.029502811,3400.46246289495,400.006400102402,400.006400102402,37155.1382251261,303131.515556365,2506645.44201164,12005.7627661277,200.0016000128,
58.47067,41067.3504547458,7602.31110257518,792340.706503797,2200.1936170383,500.010000200004,300.003600043201,39361.8768704403,379473.893657974,2557036.91694456,12806.5569571621,300.003600043201,
58.5969,38659.6905622281,8502.8909829342,807463.931488409,2700.2916314962,500.010000200004,300.003600043201,37355.7347562563,318404.251871536,2557036.91694456,12306.0545788528,0,
58.72318,40264.7457111035,8002.56081946223,790212.0987043,2500.2500250025,200.0016000128,600.014400345608,39963.7821963854,315840.425144098,2616515.37916047,11305.1099096792,0,
58.84942,39361.8768704403,6101.48876325823,750577.842966796,2700.2916314962,400.006400102402,600.014400345608,37756.9374616922,319122.216415704,2383558.06881483,11605.3848985929,100.0004000016,
58.97567,41268.0096799526,5601.25468104855,909919.551848028,2100.17641481884,100.0004000016,400.006400102402,36653.6609596449,316455.696202532,2442210.44127774,12806.5569571621,0,
59.10184,38860.311202987,6801.85010322808,820364.624861086,2600.27042812453,400.006400102402,300.003600043201,39161.2481921726,298010.564449212,2579341.34027552,10304.2453490838,100.0004000016,
59.22811,39662.8259162513,5601.25468104855,817698.13534257,2300.21161946899,300.003600043201,500.010000200004,38459.0731363374,316558.244286559,2588428.32755851,10704.5815609081,0,
59.35432,38559.381447429,6501.69043951427,801391.211014098,3300.43565750679,400.006400102402,600.014400345608,41468.6721210324,306000.153860481,2407514.67165179,11805.5722300926,200.0016000128,
59.48062,36753.9548056547,6801.85010322808,801178.18500064,2400.23042212052,0,400.006400102402,36152.2037822616,296167.529434621,2495906.27522265,10104.0820491479,0,
59.60681,37656.6355799122,6501.69043951427,780318.685987469,2500.2500250025,100.0004000016,400.006400102402,30136.2840860396,324559.555260215,2628080.63570245,9503.61137232148,0,
59.73313,39462.1924152464,6201.53798141939,786807.056920766,2000.16001280102,400.006400102402,100.0004000016,38459.0731363374,296269.913223676,2457906.14658471,11104.9305891816,200.0016000128,
59.85937,38358.7656289435,6201.53798141939,804587.023389278,3700.5476810568,400.006400102402,200.0016000128,44378.6389482162,302721.763174621,2422384.28720577,11004.8421305374,0,
59.98553,37054.8411649241,5401.16665199683,780850.396818849,3000.36004320518,700.019600548815,600.014400345608,36553.3679171591,300878.041671558,2396775.50486281,11205.0198488923,100.0004000016,
60.11181,35550.4816839913,7302.132222609,832637.574294666,2800.31363512713,400.006400102402,200.0016000128,42371.6929043942,314302.378329337,2409166.85115779,11104.9305891816,100.0004000016,
60.23804,32341.7855869784,5301.12383825371,806185.226475082,2700.2916314962,200.0016000128,500.010000200004,38158.1530252104,313174.596102986,2305905.63203295,12205.9565067753,0,
60.36431,35751.0525029742,4200.70571856072,792872.913356581,1700.11560786133,300.003600043201,300.003600043201,35450.1974796312,292994.042994043,2428993.00522976,11505.2924345199,0,
60.49069,35751.0525029742,5301.12383825371,778511.033202722,2300.21161946899,200.0016000128,400.006400102402,36152.2037822616,295348.488957063,2280296.84968999,10804.6676164103,0,
60.61689,34948.7885087582,6701.7960813498,832317.262187687,2900.33643902693,500.010000200004,400.006400102402,36352.7842427204,300468.362270322,2336470.9528939,12205.9565067753,200.0016000128,
60.74311,37355.7347562563,5601.25468104855,813006.451186572,3300.43565750679,400.006400102402,500.010000200004,39662.8259162513,307229.769400522,2394297.23560381,11405.2007715518,100.0004000016,
60.86927,33745.4889190629,6301.58800017604,810234.893785721,3100.38444767151,200.0016000128,200.0016000128,35851.3391176164,297089.013373053,2308383.90129195,9803.84310649775,100.0004000016,
60.99551,32241.5270868879,6301.58800017604,802243.350245844,3200.40965243551,600.014400345608,200.0016000128,38659.6905622281,303541.281209388,2338949.2221529,11004.8421305374,0,
61.1217,41368.3404985035,6301.58800017604,836268.333416009,2800.31363512713,300.003600043201,500.010000200004,36252.4936107484,302516.891960277,2291036.01647897,11405.2007715518,0,
61.24793,29735.3255667733,6601.74286011507,804906.64816971,2400.23042212052,200.0016000128,400.006400102402,39261.5621294189,302414.457597202,2409166.85115779,13106.8679988314,100.0004000016,
61.37427,29935.8032206519,4600.84655576626,815885.237031132,2100.17641481884,200.0016000128,700.019600548815,40264.7457111035,287877.193976225,2560341.27595655,11705.4781637807,0,
61.50056,34848.5091247016,6501.69043951427,840647.959415712,2100.17641481884,600.014400345608,300.003600043201,36753.9548056547,298420.164257582,2207600.9514261,10104.0820491479,100.0004000016,
61.62673,32843.0901342561,5701.29989637637,834132.46916438,2600.27042812453,400.006400102402,400.006400102402,34848.5091247016,295041.362451636,2292688.19598497,8803.09869073914,0,
61.75306,37255.4360889003,5501.21026625858,761297.874795971,2900.33643902693,400.006400102402,400.006400102402,34848.5091247016,296474.683288137,2413297.29992278,9203.38684635946,200.0016000128,
61.8793,31138.7365883159,6101.48876325823,883775.635291389,2000.16001280102,700.019600548815,600.014400345608,39462.1924152464,290844.714213455,2253861.97759403,15609.7404780583,100.0004000016,
62.00552,33544.9502333126,6101.48876325823,841075.319499055,2800.31363512713,100.0004000016,100.0004000016,37656.6355799122,312149.42673044,2386036.33807383,10504.4118529783,0,
62.13167,32241.5270868879,4600.84655576626,880345.844237586,2800.31363512713,200.0016000128,500.010000200004,35851.3391176164,291868.158549663,2344731.85042389,10904.7544729502,100.0004000016,
62.25798,35751.0525029742,5001.00020004001,832424.032007407,2400.23042212052,300.003600043201,500.010000200004,34547.6757925938,282762.414847656,2299296.91400896,13307.0793662228,0,
62.38422,33946.0308177889,5501.21026625858,863424.565701375,1600.10240655402,600.014400345608,500.010000200004,39462.1924152464,299444.221809335,2380253.70980283,10004.0016006403,200.0016000128,
62.51047,32943.3534531443,6401.6388195378,806185.226475082,1400.07840439065,400.006400102402,700.019600548815,34948.7885087582,295041.362451636,2378601.53029684,11705.4781637807,100.0004000016,
62.63668,31238.986254846,6001.44034568296,873381.878697306,2800.31363512713,400.006400102402,400.006400102402,36954.5449082846,290026.018378768,2428166.91547676,12506.2531265633,0,
62.76292,31339.2367243789,6201.53798141939,836588.743515016,2000.16001280102,200.0016000128,500.010000200004,33946.0308177889,293710.567105226,2382731.97906183,9203.38684635946,0,
62.8892,32542.3049964954,5601.25468104855,856148.799033601,2600.27042812453,200.0016000128,400.006400102402,33043.6175751993,289207.375546753,2325731.78610492,9903.92195309342,0,
63.01549,34547.6757925938,4900.9605882753,868241.663183077,3400.46246289495,400.006400102402,400.006400102402,36954.5449082846,302516.891960277,2364558.00449586,9203.38684635946,400.006400102402,
63.14178,34948.7885087582,5501.21026625858,907380.079919086,2500.2500250025,300.003600043201,200.0016000128,31539.7400724913,285421.84174967,2281122.93944299,11305.1099096792,100.0004000016,
63.26798,30637.5003003677,5401.16665199683,824312.040327246,2000.16001280102,200.0016000128,400.006400102402,32843.0901342561,286956.381011721,2236514.09278106,7402.19104855037,0,
63.39422,32742.827618525,5501.21026625858,837550.021496842,2400.23042212052,400.006400102402,100.0004000016,31339.2367243789,279183.300369278,2272035.95216,9703.76506084361,0,
63.52039,32642.5659059413,6001.44034568296,866421.659920704,2400.23042212052,600.014400345608,400.006400102402,31740.2466327303,290230.687368238,2348036.20943589,8602.95941803981,0,
63.64655,32542.3049964954,6101.48876325823,893963.184998902,2100.17641481884,200.0016000128,400.006400102402,30136.2840860396,284910.37004972,2244774.99031105,8903.16952835209,0,
63.7727,32141.2693898966,4400.77453631839,875417.111723841,1800.12960933187,200.0016000128,400.006400102402,33143.8825004306,278672.081021177,2174557.36130616,8402.82334864514,0,
63.89894,28732.9854673165,5501.21026625858,819084.641156034,1800.12960933187,300.003600043201,400.006400102402,29935.8032206519,260077.760623378,2419079.92819377,9203.38684635946,0,
64.02516,34246.8496903764,5201.0818250196,858181.321704737,2000.16001280102,700.019600548815,300.003600043201,32442.0448901777,286649.458258822,2338949.2221529,7502.25067520256,200.0016000128,
64.1514,37857.2401471024,5001.00020004001,895250.603877244,2500.2500250025,200.0016000128,300.003600043201,28131.6199408135,287877.193976225,2306731.72178595,9103.31360615264,0,
64.27769,35249.6314811254,5101.04061228491,886670.22867249,2400.23042212052,0,600.014400345608,30637.5003003677,283273.799651293,2189426.97686013,11705.4781637807,0,
64.40392,40365.0684904065,6901.90492575951,889243.744123142,3800.57768780855,500.010000200004,800.025600819226,33544.9502333126,284910.37004972,2327383.96561092,9103.31360615264,200.0016000128,
64.5302,39763.1438724695,6201.53798141939,924251.411316247,2000.16001280102,500.010000200004,300.003600043201,29334.3798932349,287877.193976225,2172905.18180016,8903.16952835209,0,
64.65651,37456.0342272039,4700.88376614804,881096.033359698,1800.12960933187,500.010000200004,400.006400102402,34447.3996218797,275502.982509352,2297644.73450296,8502.8909829342,100.0004000016,
64.78284,34046.302972042,6601.74286011507,922100.975915258,1700.11560786133,200.0016000128,200.0016000128,26728.5460872212,276014.073684636,2141513.77118621,8102.62525058119,0,
64.90914,33845.7594667991,6001.44034568296,864387.841668563,2700.2916314962,400.006400102402,600.014400345608,31539.7400724913,263038.759564586,2026687.29551939,10204.1632986258,0,
65.03543,35249.6314811254,5601.25468104855,867171.042012425,2000.16001280102,200.0016000128,600.014400345608,31238.986254846,279387.793898162,2361253.64548386,9403.53572943427,0,
65.16171,39060.9350586916,5401.16665199683,884418.822321066,2600.27042812453,300.003600043201,200.0016000128,30136.2840860396,260792.420953928,2267079.41364201,8803.09869073914,0,
65.28792,32943.3534531443,7102.01697282028,889458.226841362,2200.1936170383,300.003600043201,600.014400345608,29635.0879441258,265694.03850896,2138209.41217421,9303.46088745013,0,
65.41416,32141.2693898966,4700.88376614804,843426.05265443,2000.16001280102,300.003600043201,500.010000200004,27730.7256440136,281798.126584184,2026687.29551939,8502.8909829342,200.0016000128,
65.54043,37957.5436361524,4800.92177698118,863638.620826643,2100.17641481884,700.019600548815,300.003600043201,28532.5270808722,276218.515942217,2205122.68216711,10004.0016006403,100.0004000016,
65.66672,38057.8479288519,6601.74286011507,896216.25205098,2000.16001280102,300.003600043201,200.0016000128,28532.5270808722,271721.550106748,2147296.3994572,7802.43435952017,0,
65.79296,32041.0124959949,4900.9605882753,822711.591298779,1800.12960933187,600.014400345608,400.006400102402,27329.8441898553,256403.003289394,2065513.51391033,8302.75651516303,0,
65.91918,35049.0686961746,6901.90492575951,916296.581951476,1500.09000540032,500.010000200004,500.010000200004,28031.3951625821,278569.839632753,2129122.42489123,7502.25067520256,200.0016000128,
66.04538,37957.5436361524,5401.16665199683,914684.711579925,3100.38444767151,500.010000200004,100.0004000016,30637.5003003677,281739.70729813,2253035.88784103,9803.84310649775,0,
66.1716,36553.3679171591,4900.9605882753,925972.016542844,3300.43565750679,200.0016000128,600.014400345608,34246.8496903764,256913.322314584,2163818.19451717,10004.0016006403,0,
66.29776,36453.0756781874,5001.00020004001,880453.011449512,2800.31363512713,400.006400102402,300.003600043201,29735.3255667733,260077.760623378,2189426.97686013,7202.07419736884,100.0004000016,
66.424,34246.8496903764,6401.6388195378,883632.295246952,2400.23042212052,500.010000200004,200.0016000128,32141.2693898966,273765.427106417,2202644.41290811,7402.19104855037,0,
66.55027,36051.9147572504,6301.58800017604,917801.175216776,2200.1936170383,400.006400102402,400.006400102402,26027.0681508769,271210.632508077,2158035.56624618,9103.31360615264,0,
66.6765,36152.2037822616,5901.39272868397,902870.452492063,2400.23042212052,400.006400102402,300.003600043201,26327.6967369673,265285.497726124,2208427.0411791,7602.31110257518,0,
66.80276,32442.0448901777,5501.21026625858,829648.303508699,1900.14441097523,300.003600043201,100.0004000016,27730.7256440136,267021.88730504,2018426.3979894,6901.90492575951,0,
66.92905,33544.9502333126,6701.7960813498,918661.021236714,2300.21161946899,200.0016000128,400.006400102402,31238.986254846,268043.404434238,2106818.00156026,8703.02865397158,0,
67.05533,37556.3345017526,5201.0818250196,883132.480225287,1300.06760351538,300.003600043201,200.0016000128,27830.9480141918,263447.227690355,2308383.90129195,10904.7544729502,0,
67.18162,34647.952766629,6501.69043951427,861284.209306752,1900.14441097523,100.0004000016,400.006400102402,27029.191526849,255688.591298304,2190253.06661313,7602.31110257518,0,
67.30782,35851.3391176164,5801.34591225164,867171.042012425,2400.23042212052,300.003600043201,300.003600043201,28933.4470648069,259465.22680979,2133252.87365622,7302.132222609,200.0016000128,
67.43403,37957.5436361524,6901.90492575951,840754.798111351,2100.17641481884,400.006400102402,100.0004000016,29635.0879441258,253239.485561208,2170841.55704138,7502.25067520256,0,
67.56029,31639.9929510902,5701.29989637637,829648.303508699,2300.21161946899,300.003600043201,400.006400102402,33244.1482288479,257015.388594336,2079557.0397113,7802.43435952017,0,
67.68657,33244.1482288479,5301.12383825371,856255.765945036,2100.17641481884,300.003600043201,0,31539.7400724913,260894.518587977,2196035.69488412,8502.8909829342,0,
67.81285,36553.3679171591,6201.53798141939,848663.31392271,1600.10240655402,300.003600043201,400.006400102402,28532.5270808722,259261.055473379,2084513.5782293,5901.39272868397,200.0016000128,
67.93909,35149.3496869605,4800.92177698118,879595.698604158,2600.27042812453,100.0004000016,300.003600043201,27029.191526849,255382.427102864,2107644.09131326,8602.95941803981,100.0004000016,
68.0653,35550.4816839913,4900.9605882753,856683.642441367,1800.12960933187,500.010000200004,900.032401166442,29434.6151073663,249974.75002525,2203470.50266111,8903.16952835209,200.0016000128,
68.19153,34046.302972042,6701.7960813498,853581.858645024,2400.23042212052,500.010000200004,600.014400345608,29133.9118734207,267430.484245252,2175383.45105915,9903.92195309342,0,
68.31776,35951.6265357053,5301.12383825371,876167.015132383,1700.11560786133,500.010000200004,400.006400102402,27029.191526849,258342.325303201,2202644.41290811,8803.09869073914,100.0004000016,
68.44404,36954.5449082846,5901.39272868397,834773.191359198,2400.23042212052,300.003600043201,400.006400102402,30737.7459520291,248852.692133669,2104339.73230127,9503.61137232148,200.0016000128,
68.57022,33645.2191745706,5201.0818250196,858074.338860755,1500.09000540032,0,200.0016000128,27430.063349431,261405.01913804,2144818.1301982,9103.31360615264,300.003600043201,
68.69643,36653.6609596449,5501.21026625858,846418.513479424,2700.2916314962,300.003600043201,600.014400345608,28031.3951625821,255484.481009896,2008513.32095341,9703.76506084361,0,
68.8227,37756.9374616922,5601.25468104855,832317.262187687,1900.14441097523,100.0004000016,300.003600043201,27029.191526849,243141.943196872,2046513.44959136,8402.82334864514,0,
68.94893,30336.7681630136,5701.29989637637,826659.724460533,2200.1936170383,200.0016000128,0,31339.2367243789,271721.550106748,2058904.79588634,9103.31360615264,100.0004000016,
69.07513,33745.4889190629,6001.44034568296,848663.31392271,1400.07840439065,400.006400102402,1000.04000160006,32642.5659059413,264672.711323828,2036600.37255537,10404.3282005314,0,
69.2015,39863.462632511,5401.16665199683,845884.094649695,2300.21161946899,100.0004000016,300.003600043201,35149.3496869605,278569.839632753,2192731.33587213,10704.5815609081,200.0016000128,
69.32773,37456.0342272039,6701.7960813498,889858.224441943,2600.27042812453,500.010000200004,100.0004000016,33745.4889190629,247220.785935884,2086165.75773529,9203.38684635946,0,
69.45401,32442.0448901777,4500.81014582625,877559.808216229,3300.43565750679,400.006400102402,0,35049.0686961746,260996.617047333,2152252.93797519,11205.0198488923,200.0016000128,
69.58034,31639.9929510902,5901.39272868397,862996.466080163,3000.36004320518,400.006400102402,500.010000200004,34046.302972042,265285.497726124,2148948.5789632,11905.6670975384,0,
69.70657,33244.1482288479,8102.62525058119,868884.078426178,2400.23042212052,400.006400102402,300.003600043201,32442.0448901777,258240.248298605,2074600.50119331,11805.5722300926,0,
69.83286,37556.3345017526,5801.34591225164,849839.317398803,2700.2916314962,300.003600043201,300.003600043201,36352.7842427204,271414.997068516,2173731.27155316,13307.0793662228,0,
69.95911,33845.7594667991,4900.9605882753,868777.007003195,2900.33643902693,100.0004000016,200.0016000128,34547.6757925938,243141.943196872,2110948.45032526,11405.2007715518,0,
70.08532,32542.3049964954,5001.00020004001,806931.122333112,2100.17641481884,0,500.010000200004,33845.7594667991,251504.989697386,2051469.98810935,13307.0793662228,100.0004000016,
70.21163,34246.8496903764,5501.21026625858,836054.731098342,2200.1936170383,600.014400345608,600.014400345608,31639.9929510902,262528.192981463,2151426.84822219,14608.5313823273,100.0004000016,
70.33795,36753.9548056547,5801.34591225164,826766.447517945,3000.36004320518,300.003600043201,300.003600043201,32642.5659059413,274991.912002588,2015122.0389774,13807.6218072376,100.0004000016,
70.46427,37857.2401471024,7001.96054895371,840647.959415712,1500.09000540032,100.0004000016,400.006400102402,32041.0124959949,250382.795803184,2044861.27008536,14007.84439286,400.006400102402,
70.59046,33544.9502333126,6201.53798141939,805759.019628893,2000.16001280102,400.006400102402,200.0016000128,30938.239664225,238249.071232434,2088055.68437431,14808.7667899396,0,
70.71678,30938.239664225,4800.92177698118,841434.33070312,1500.09000540032,100.0004000016,400.006400102402,34046.302972042,265285.497726124,2210469.71801246,12005.7627661277,200.0016000128,
70.84306,36252.4936107484,5201.0818250196,845563.453959747,2300.21161946899,300.003600043201,300.003600043201,34046.302972042,250790.854769571,1825947.4855407,14408.2991803279,0,
70.96929,35249.6314811254,4400.77453631839,824632.153939599,1600.10240655402,100.0004000016,300.003600043201,28231.8455217485,242836.083119611,2099383.19378327,13106.8679988314,0,
71.09557,32742.827618525,4100.67251029169,815991.87106048,2700.2916314962,300.003600043201,300.003600043201,30036.0432519023,248240.702587844,1942426.14071352,14408.2991803279,300.003600043201,
71.22176,32843.0901342561,6401.6388195378,807250.805186225,2400.23042212052,200.0016000128,400.006400102402,30737.7459520291,241204.954545638,1942426.14071352,12806.5569571621,0,
71.34809,34647.952766629,4700.88376614804,877881.243297629,2500.2500250025,300.003600043201,200.0016000128,31439.4879969241,262528.192981463,2007687.23120042,13707.5117164206,0,
71.47434,34146.5759295679,5101.04061228491,816951.616967314,3200.40965243551,300.003600043201,200.0016000128,28332.0719053969,243753.685588038,2104031.77893518,14107.9568876847,0,
71.60052,29635.0879441258,4800.92177698118,788828.692031871,2800.31363512713,700.019600548815,100.0004000016,31940.756405173,235395.771758968,2044686.47635862,15509.6159618964,200.0016000128,
71.72674,31539.7400724913,3400.46246289495,801497.725339961,2600.27042812453,300.003600043201,100.0004000016,30737.7459520291,240083.675925402,1984556.71811645,15910.1188355794,0,
71.85297,31138.7365883159,5401.16665199683,843746.640312937,2400.23042212052,400.006400102402,400.006400102402,31439.4879969241,238656.738115621,2154550.66821918,17311.9798900839,0,
71.97924,33143.8825004306,4800.92177698118,811727.196887725,3000.36004320518,100.0004000016,0,29033.6790677186,222360.328657444,1994458.5775432,16711.163056922,0,
72.10543,30537.255451651,5901.39272868397,806718.004831018,3300.43565750679,300.003600043201,0,30637.5003003677,224701.642228976,1897817.29405159,16911.4321281186,0,
72.23167,33143.8825004306,5001.00020004001,797557.280896186,3700.5476810568,500.010000200004,200.0016000128,32742.827618525,226432.45774068,1890279.05655994,19214.7569333248,100.0004000016,
72.35796,28131.6199408135,5201.0818250196,790318.520749859,5001.00020004001,400.006400102402,300.003600043201,31238.986254846,226025.185663545,1990844.7054759,19114.6035571176,200.0016000128,
72.48419,35149.3496869605,4700.88376614804,828901.093905619,4600.84655576626,200.0016000128,500.010000200004,32542.3049964954,237637.595600171,1925904.34565354,17111.7044058136,100.0004000016,
72.61048,31639.9929510902,6801.85010322808,815885.237031132,3500.49006860961,100.0004000016,400.006400102402,29635.0879441258,222665.692735469,1828425.7547997,21117.8234429859,0,
72.73678,30737.7459520291,5401.16665199683,815352.080097809,5401.16665199683,300.003600043201,300.003600043201,31740.2466327303,231524.468523169,2177861.72031815,18914.2992102029,0,
72.86306,34647.952766629,5501.21026625858,805759.019628893,4700.88376614804,500.010000200004,300.003600043201,26027.0681508769,216356.337374675,1787121.26714976,15409.4922472243,100.0004000016,
72.98934,29334.3798932349,4500.81014582625,840968.478153012,4500.81014582625,300.003600043201,400.006400102402,33745.4889190629,219001.81173309,1961426.20503249,20917.487019148,0,
73.11555,30938.239664225,5201.0818250196,846632.287199507,4600.84655576626,200.0016000128,0,32241.5270868879,219612.384645493,1932573.76293302,19415.0660912868,0,
73.24178,30837.992406645,5501.21026625858,843746.640312937,4300.73972723308,100.0004000016,400.006400102402,36553.3679171591,219001.81173309,1866813.68187113,20416.6599945556,0,
73.36807,29133.9118734207,4500.81014582625,828047.193007831,5601.25468104855,200.0016000128,100.0004000016,26828.7604311822,221037.169755739,1892245.99735811,21718.8519635043,0,
73.49433,28833.2158646761,4100.67251029169,814712.320845896,5201.0818250196,300.003600043201,200.0016000128,30036.0432519023,210050.137747714,1772251.65159578,18914.2992102029,200.0016000128,
73.62062,27730.7256440136,6101.48876325823,848235.702823868,4900.9605882753,400.006400102402,500.010000200004,29835.5639922788,219510.620440312,1817819.04622963,18413.5523745477,200.0016000128,
73.74692,26528.1198069954,4900.9605882753,825165.694263094,4700.88376614804,300.003600043201,200.0016000128,30236.5257230735,215033.80831733,1848347.64529252,21819.0261908384,300.003600043201,
73.8732,31740.2466327303,5201.0818250196,847915.003784135,6601.74286011507,500.010000200004,200.0016000128,30537.255451651,229894.801430636,1886924.35094965,19915.8530190031,100.0004000016,
73.99946,31138.7365883159,5501.21026625858,819191.301617727,4400.77453631839,100.0004000016,0,31138.7365883159,209846.764467427,1792986.66780983,20416.6599945556,0,
74.12562,28031.3951625821,5801.34591225164,802243.350245844,6601.74286011507,100.0004000016,400.006400102402,26828.7604311822,210456.894152384,1726816.71518085,21518.505915087,0,
74.25182,28332.0719053969,4500.81014582625,831569.898161619,6001.44034568296,200.0016000128,200.0016000128,33143.8825004306,204560.210669796,1757771.52716235,22820.8125810739,100.0004000016,
74.37814,26628.3325458288,5401.16665199683,838511.371012084,6801.85010322808,400.006400102402,100.0004000016,31940.756405173,211677.24212488,1650816.45790497,22019.3770518056,200.0016000128,
74.50432,29735.3255667733,4800.92177698118,872096.633315809,7302.132222609,500.010000200004,400.006400102402,32041.0124959949,201409.66605108,1739226.23096702,21919.201220269,100.0004000016,
74.63052,29133.9118734207,4500.81014582625,793511.590572368,6101.48876325823,0,500.010000200004,27931.1711870447,194399.99032535,1643816.92926813,23622.2994506814,0,
74.75681,28432.2990917683,4200.70571856072,848663.31392271,5901.39272868397,200.0016000128,200.0016000128,27029.191526849,200698.361753001,1744146.24127071,22820.8125810739,0,
74.88304,29033.6790677186,3800.57768780855,860803.888198649,6301.58800017604,300.003600043201,100.0004000016,27730.7256440136,189729.039122672,1670080.4369626,21819.0261908384,0,
75.00924,25826.6531060054,5101.04061228491,843105.472949505,4800.92177698118,100.0004000016,300.003600043201,31940.756405173,202425.884705958,1711798.92212549,23822.6791905894,0,
75.13546,22820.8125810739,3000.36004320518,818018.085005308,7802.43435952017,200.0016000128,200.0016000128,26828.7604311822,193282.866149096,1619872.48016287,23121.3641404658,100.0004000016,
75.26163,24323.6425805883,3600.51847466035,867492.219058341,5701.29989637637,400.006400102402,100.0004000016,31339.2367243789,216966.782193997,1687960.10043213,24223.4482979524,100.0004000016,
75.38787,24423.8376655616,3100.38444767151,850587.738962833,5801.34591225164,200.0016000128,400.006400102402,33946.0308177889,192673.56744381,1645066.39950547,22920.9956319989,100.0004000016,
75.51414,26127.2768770597,4900.9605882753,814605.697386736,5501.21026625858,800.025600819226,300.003600043201,27530.2833116428,179175.009366653,1574824.07466463,21618.6785382571,0,
75.64047,22920.9956319989,4000.64010241639,828580.874452434,6001.44034568296,500.010000200004,400.006400102402,29234.1454819229,188003.256305061,1651656.45375191,22520.2682414173,0,
75.76678,24824.6260290208,4000.64010241639,839045.484988548,6001.44034568296,500.010000200004,100.0004000016,30336.7681630136,188409.301575787,1619645.72445898,24223.4482979524,0,
75.89301,23121.3641404658,3700.5476810568,866528.71184687,5601.25468104855,0,200.0016000128,29033.6790677186,194298.429488213,1617151.66665957,21819.0261908384,100.0004000016,
76.01929,24724.4277346018,4600.84655576626,868134.597077936,5401.16665199683,500.010000200004,0,30437.0114058695,187698.730942987,1648020.15869429,25626.2412710616,0,
76.14545,24423.8376655616,3900.60849492521,857004.559107044,6701.7960813498,800.025600819226,0,28532.5270808722,197142.442469884,1634279.38293702,22720.6303323418,100.0004000016,
76.27176,22119.5536854579,4300.73972723308,860535.168258986,4700.88376614804,300.003600043201,200.0016000128,25826.6531060054,188510.814939004,1613524.78038519,22420.0883992057,100.0004000016,
76.39808,23321.7358578195,3900.60849492521,865244.147212554,6501.69043951427,400.006400102402,100.0004000016,29735.3255667733,189729.039122672,1516163.82816618,26628.3325458288,0,
76.52431,23321.7358578195,4200.70571856072,905017.698308091,5501.21026625858,400.006400102402,600.014400345608,28933.4470648069,193485.972267011,1618058.54269324,23622.2994506814,200.0016000128,
76.65057,24123.2548176442,2900.33643902693,857325.483738845,6201.53798141939,300.003600043201,800.025600819226,26427.9078707115,176030.807405378,1522272.34342311,24323.6425805883,0,
76.77682,21418.3340939844,2400.23042212052,862354.343220339,6301.58800017604,200.0016000128,100.0004000016,28833.2158646761,175118.121654227,1570982.78625451,21819.0261908384,100.0004000016,
76.90305,19815.6940296715,3500.49006860961,862782.421584044,5101.04061228491,300.003600043201,500.010000200004,27430.063349431,190033.613580854,1559239.85330801,24223.4482979524,100.0004000016,
77.02941,22420.0883992057,3400.46246289495,846632.287199507,5001.00020004001,300.003600043201,100.0004000016,27430.063349431,179682.212266735,1534433.20327923,23922.8702639724,200.0016000128,
77.15557,19415.0660912868,4800.92177698118,841289.004841624,5701.29989637637,500.010000200004,100.0004000016,26828.7604311822,175118.121654227,1497984.03337474,22720.6303323418,100.0004000016,
77.28175,17912.8255831175,2900.33643902693,846097.85952956,5701.29989637637,200.0016000128,300.003600043201,25626.2412710616,179276.448311981,1489448.72278474,25526.0365572884,0,
77.40804,18213.259252736,2100.17641481884,817164.903526418,4900.9605882753,100.0004000016,100.0004000016,25526.0365572884,177450.672338643,1522272.34342311,22420.0883992057,0,
77.53423,17912.8255831175,2500.2500250025,872203.732220622,4800.92177698118,300.003600043201,200.0016000128,25626.2412710616,185770.241299828,1569966.1604911,25926.8602271954,100.0004000016,
77.66043,21117.8234429859,2600.27042812453,857218.507976435,4300.73972723308,600.014400345608,700.019600548815,27329.8441898553,184450.918527294,1541194.05647117,21919.201220269,100.0004000016,
77.78666,18814.1482394761,2900.33643902693,867171.042012425,4600.84655576626,200.0016000128,100.0004000016,23121.3641404658,173394.340215404,1485968.79317213,21318.1630749398,0,
77.91291,16811.2971917128,2700.2916314962,835947.931263977,5801.34591225164,300.003600043201,0,26928.9755777216,163563.160543533,1539616.21591782,22720.6303323418,0,
78.03923,17612.3991289868,2600.27042812453,881310.381097119,4900.9605882753,500.010000200004,700.019600548815,23922.8702639724,182928.794765174,1606047.44816078,25425.8326459683,0,
78.16546,19715.5358422437,2400.23042212052,859144.207137951,4800.92177698118,300.003600043201,500.010000200004,26227.4864057532,182015.608820555,1521484.52418335,24724.4277346018,0,
78.29173,16811.2971917128,2600.27042812453,832637.574294666,3800.57768780855,300.003600043201,700.019600548815,25125.2257266295,174915.311584892,1522384.89284957,22520.2682414173,0,
78.41802,14708.648685427,2600.27042812453,855934.86786583,4000.64010241639,600.014400345608,500.010000200004,23522.1107841371,180595.228982261,1532856.16644804,24023.0621396541,0,
78.5443,15509.6159618964,2600.27042812453,854651.355197405,5601.25468104855,300.003600043201,200.0016000128,25425.8326459683,171366.664250215,1589408.48138316,29033.6790677186,0,
78.67059,19014.4509827469,2500.2500250025,866100.509458716,3500.49006860961,700.019600548815,200.0016000128,25325.6295370915,172481.845606093,1605707.66925487,26928.9755777216,0,
78.7968,16711.163056922,2700.2916314962,841182.161728589,4700.88376614804,300.003600043201,100.0004000016,23922.8702639724,173901.310251215,1574033.13037858,27630.5040765005,0,
78.92304,18814.1482394761,2200.1936170383,894177.745922185,5301.12383825371,300.003600043201,300.003600043201,25025.025025025,168933.884230958,1526662.47899088,26828.7604311822,100.0004000016,
79.04936,17912.8255831175,2100.17641481884,829007.835487817,4500.81014582625,300.003600043201,200.0016000128,28332.0719053969,170555.685323754,1563868.03920402,22420.0883992057,0,
79.17567,17111.7044058136,3400.46246289495,830822.577378812,5601.25468104855,500.010000200004,400.006400102402,26427.9078707115,167717.670556589,1550439.46287399,24323.6425805883,0,
79.30199,16611.0297237366,2600.27042812453,836588.743515016,4900.9605882753,300.003600043201,0,25826.6531060054,180087.98929947,1542884.80812679,21718.8519635043,0,
79.42814,15709.8657957197,3500.49006860961,803202.074164596,4700.88376614804,100.0004000016,200.0016000128,23922.8702639724,168123.062054524,1820990.94702271,24624.2302425587,0,
79.55437,18012.9693379233,2300.21161946899,838511.371012084,4900.9605882753,0,200.0016000128,24824.6260290208,167210.949548802,1553259.46570593,25726.4467872973,0,
79.68066,15609.7404780583,1600.10240655402,840754.798111351,5101.04061228491,300.003600043201,300.003600043201,28432.2990917683,183537.622190525,1592802.49844698,23622.2994506814,0,
79.8069,16010.246557797,2800.31363512713,855827.903609474,5101.04061228491,200.0016000128,300.003600043201,24524.0335528818,183537.622190525,1577536.24112842,23421.922919853,100.0004000016,
79.93314,19515.221873061,1900.14441097523,867385.159156847,4700.88376614804,300.003600043201,200.0016000128,24423.8376655616,189627.515939996,1525198.93899204,21217.9928579435,0,
80.0594,13607.4024269202,2100.17641481884,816631.693736266,4800.92177698118,300.003600043201,400.006400102402,27229.6258329062,181508.311912264,1641204.77921901,26227.4864057532,0,
80.18567,18012.9693379233,3100.38444767151,834452.826289139,4500.81014582625,100.0004000016,300.003600043201,34948.7885087582,177653.523260123,1600951.67564715,26227.4864057532,0,
80.31186,16210.5044068556,3000.36004320518,888474.684620834,5201.0818250196,500.010000200004,200.0016000128,26127.2768770597,191353.521348161,1669739.02060184,25726.4467872973,100.0004000016,
80.43807,18513.7001381022,3300.43565750679,865351.189392309,4700.88376614804,600.014400345608,200.0016000128,29033.6790677186,179580.770052011,1516421.08925215,21618.6785382571,0,
80.56432,16611.0297237366,2900.33643902693,811833.796569711,3700.5476810568,200.0016000128,100.0004000016,26728.5460872212,181812.687604505,1598574.31641664,23522.1107841371,0,
80.69063,18012.9693379233,3200.40965243551,853367.969952182,5301.12383825371,400.006400102402,700.019600548815,28833.2158646761,184247.958061176,1635300.9362841,25125.2257266295,0,
80.81681,19314.911111378,3100.38444767151,810448.069378484,5101.04061228491,400.006400102402,500.010000200004,30437.0114058695,193892.194327545,1637344.27808535,22820.8125810739,0,
80.94311,17311.9798900839,2600.27042812453,864923.025989075,4900.9605882753,400.006400102402,300.003600043201,31238.986254846,176842.13918564,1591897.34251215,23522.1107841371,0,
81.0693,18713.9980705568,3300.43565750679,836054.731098342,5201.0818250196,100.0004000016,300.003600043201,26628.3325458288,180290.882720277,1490555.04582322,23021.1794851263,100.0004000016,
81.19554,18613.8487034354,2700.2916314962,816844.975009294,5001.00020004001,600.014400345608,700.019600548815,27129.408278574,177044.98030148,1638820.2199301,21819.0261908384,0,
81.32182,17812.6826300326,3500.49006860961,803628.196553461,4400.77453631839,400.006400102402,200.0016000128,29635.0879441258,184146.479054849,1619305.59814644,22119.5536854579,0,
81.44803,15910.1188355794,2400.23042212052,856362.733741519,4200.70571856072,600.014400345608,500.010000200004,31339.2367243789,181914.147803734,1611711.70787579,23522.1107841371,0,
81.57432,18713.9980705568,2500.2500250025,803734.729349787,4000.64010241639,100.0004000016,100.0004000016,23622.2994506814,181406.8549833,1649951.81688711,22820.8125810739,200.0016000128,
81.70058,17512.2585810067,3400.46246289495,817698.13534257,3600.51847466035,200.0016000128,0,28131.6199408135,179682.212266735,1700501.54222097,23722.4889194957,100.0004000016,
81.8269,14908.8856958747,2500.2500250025,804373.944601106,4100.67251029169,300.003600043201,300.003600043201,30837.992406645,189627.515939996,1620439.38632433,22119.5536854579,100.0004000016,
81.95322,19114.6035571176,3600.51847466035,765545.899774088,4100.67251029169,700.019600548815,200.0016000128,30437.0114058695,182522.926168872,1619305.59814644,23121.3641404658,0,
82.07941,17011.567866149,2300.21161946899,824845.567423507,3700.5476810568,0,100.0004000016,27229.6258329062,184146.479054849,1566465.04490795,20917.487019148,0,
82.20572,15509.6159618964,4900.9605882753,820364.624861086,3200.40965243551,200.0016000128,0,26327.6967369673,187394.212944306,1655293.74133703,20516.8237955123,100.0004000016,
82.332,15809.9919148902,2500.2500250025,801817.273594214,4100.67251029169,400.006400102402,200.0016000128,30637.5003003677,187292.708581008,1663140.02201309,22520.2682414173,100.0004000016,
82.45825,17812.6826300326,3100.38444767151,816205.141761946,3000.36004320518,500.010000200004,600.014400345608,31439.4879969241,192064.29820955,1757084.20561428,23121.3641404658,0,
82.58452,14408.2991803279,2800.31363512713,818977.981575577,3400.46246289495,300.003600043201,200.0016000128,31238.986254846,197548.782454443,1661661.38410282,23021.1794851263,0,
82.71071,17111.7044058136,1900.14441097523,770007.834082382,4300.73972723308,300.003600043201,500.010000200004,27931.1711870447,191455.058444176,1686934.50385786,22319.9093591484,0,
82.83703,14608.5313823273,1700.11560786133,792872.913356581,3900.60849492521,100.0004000016,600.014400345608,26528.1198069954,187292.708581008,1567381.3928521,22520.2682414173,100.0004000016,
82.9633,16510.8971921468,2400.23042212052,789147.926552507,4500.81014582625,500.010000200004,300.003600043201,28532.5270808722,193993.75188955,1637003.69934707,19915.8530190031,0,
83.08947,13307.0793662228,2000.16001280102,936206.808449103,3300.43565750679,300.003600043201,300.003600043201,29234.1454819229,199275.873608496,1654497.99984647,19715.5358422437,100.0004000016,
83.21576,15709.8657957197,1700.11560786133,792127.829912265,4300.73972723308,0,200.0016000128,28732.9854673165,199479.076368533,1659159.44736629,19114.6035571176,100.0004000016,
83.34205,14508.4148806308,1500.09000540032,800539.12806562,3700.5476810568,200.0016000128,400.006400102402,27530.2833116428,190642.784593806,1641772.5943545,20817.3200102485,0,
83.46834,12306.0545788528,1700.11560786133,812793.233331131,4600.84655576626,800.025600819226,300.003600043201,25926.8602271954,192978.213112441,1648588.26438811,17111.7044058136,0,
83.59454,14508.4148806308,1400.07840439065,795427.812011177,5201.0818250196,400.006400102402,100.0004000016,25025.025025025,180798.130577547,1644384.85575796,19114.6035571176,0,
83.72077,11605.3848985929,1900.14441097523,777979.418861232,5101.04061228491,100.0004000016,400.006400102402,25826.6531060054,188003.256305061,1601064.89382983,19815.6940296715,0,
83.847,12706.4548790786,2400.23042212052,828982.472313136,3500.49006860961,200.0016000128,300.003600043201,27229.6258329062,189424.472029663,1699555.7533319,18613.8487034354,0,
83.97316,11405.2007715518,2100.17641481884,815458.709722721,3600.51847466035,300.003600043201,0,27329.8441898553,190236.667311537,1608199.58278343,20516.8237955123,100.0004000016,
84.09938,12906.6598364756,2000.16001280102,819937.94952512,4600.84655576626,800.025600819226,200.0016000128,30938.239664225,186379.206125327,1625202.35153787,18113.1138944596,100.0004000016,
84.22561,14708.648685427,2300.21161946899,795001.960420149,3300.43565750679,600.014400345608,500.010000200004,29334.3798932349,192572.020524892,1615338.09996295,15009.0054032419,0,
84.35183,11905.6670975384,1500.09000540032,800006.604801691,4100.67251029169,400.006400102402,200.0016000128,30437.0114058695,188409.301575787,1645520.78137457,21418.3340939844,0,
84.47815,12005.7627661277,2700.2916314962,824632.153939599,4500.81014582625,500.010000200004,500.010000200004,23622.2994506814,192978.213112441,1658363.4750563,19415.0660912868,0,
84.60441,13006.7635170289,1500.09000540032,809808.553164076,3200.40965243551,300.003600043201,200.0016000128,26227.4864057532,192064.29820955,1622480.44845036,17712.5404786589,0,
84.73067,10504.4118529783,3000.36004320518,828580.874452434,4500.81014582625,100.0004000016,0,28933.4470648069,179073.571238649,1639501.47902512,20717.1538033492,0,
84.85697,13407.186251831,2700.2916314962,773514.723893492,3500.49006860961,300.003600043201,200.0016000128,23522.1107841371,179073.571238649,1558224.12591573,15910.1188355794,0,
84.98321,12005.7627661277,1800.12960933187,774258.732318859,2300.21161946899,700.019600548815,200.0016000128,25425.8326459683,188612.329120454,1559917.04806708,17812.6826300326,0,
85.1095,8903.16952835209,1300.06760351538,782445.660917525,3300.43565750679,400.006400102402,400.006400102402,25025.025025025,179073.571238649,1636322.5679972,18213.259252736,0,
85.23581,12005.7627661277,1500.09000540032,797876.731553486,3100.38444767151,400.006400102402,100.0004000016,23922.8702639724,193181.314318192,1641659.02939108,20516.8237955123,100.0004000016,
85.36204,13006.7635170289,2500.2500250025,800432.6216542,4000.64010241639,200.0016000128,100.0004000016,26227.4864057532,186379.206125327,1609559.00510052,20316.4969955604,0,
85.48833,11004.8421305374,1500.09000540032,816631.693736266,2800.31363512713,300.003600043201,300.003600043201,26528.1198069954,187394.212944306,1573581.18335346,19014.4509827469,0,
85.61455,10504.4118529783,2100.17641481884,815565.340228499,4100.67251029169,400.006400102402,100.0004000016,29434.6151073663,190135.140036999,1634846.9029,21318.1630749398,0,
85.74079,10804.6676164103,1600.10240655402,812686.625724304,4400.77453631839,700.019600548815,100.0004000016,25626.2412710616,185567.259568501,1574146.11953689,18213.259252736,0,
85.8671,10204.1632986258,1400.07840439065,807677.061310782,3200.40965243551,200.0016000128,200.0016000128,29735.3255667733,189830.5631237,1545252.22236852,18814.1482394761,0,
85.99328,7102.01697282028,1700.11560786133,801071.673313023,3500.49006860961,400.006400102402,100.0004000016,24724.4277346018,186277.709942736,1503772.4818712,18513.7001381022,0,
86.11947,8903.16952835209,1400.07840439065,826553.002285133,3000.36004320518,0,400.006400102402,24924.8251258253,190033.613580854,1538151.24623158,20616.9883984403,0,
86.24576,12005.7627661277,1300.06760351538,823031.665234349,3800.57768780855,500.010000200004,300.003600043201,27730.7256440136,189221.431392621,1597781.95776698,18914.2992102029,0,
86.372,9203.38684635946,1100.04840212969,819511.288290335,3700.5476810568,500.010000200004,500.010000200004,26928.9755777216,186176.214578162,1590539.7241391,20216.3347985172,0,
86.49823,11205.0198488923,2000.16001280102,817271.548127525,4100.67251029169,400.006400102402,300.003600043201,26928.9755777216,186074.720031593,1516983.59765463,18413.5523745477,0,
86.62444,10304.2453490838,2200.1936170383,812899.84181855,3300.43565750679,500.010000200004,200.0016000128,28933.4470648069,177146.402085071,1557095.63103908,18914.2992102029,0,
86.7506,10504.4118529783,1100.04840212969,781913.88428252,3200.40965243551,200.0016000128,300.003600043201,25425.8326459683,175726.571468853,1505737.96215405,18713.9980705568,100.0004000016,
86.87684,10104.0820491479,1500.09000540032,817058.259806351,3000.36004320518,100.0004000016,200.0016000128,23922.8702639724,179580.770052011,1516196.09257334,20116.1734034163,0,
87.00306,10204.1632986258,1600.10240655402,781701.179770646,3400.46246289495,400.006400102402,300.003600043201,25325.6295370915,175320.934991279,1447078.3383618,18413.5523745477,0,
87.1293,8703.02865397158,1700.11560786133,818231.389186085,5401.16665199683,300.003600043201,900.032401166442,28432.2990917683,188713.844120148,1544124.82958672,20216.3347985172,100.0004000016,
87.25557,9203.38684635946,1600.10240655402,823138.358309473,3900.60849492521,200.0016000128,900.032401166442,26928.9755777216,184450.918527294,1339380.62102446,17111.7044058136,0,
87.38181,8102.62525058119,1800.12960933187,843212.331967433,3000.36004320518,100.0004000016,500.010000200004,26127.2768770597,177247.824685788,1571660.57998495,19214.7569333248,0,
87.5081,10604.4963064339,1400.07840439065,838831.836748193,3300.43565750679,600.014400345608,200.0016000128,24724.4277346018,180696.679371168,1520921.82480916,18413.5523745477,0,
87.63442,10304.2453490838,1400.07840439065,830395.556345392,4400.77453631839,500.010000200004,500.010000200004,27029.191526849,176537.883640084,1510122.62522322,17211.841747122,0,
87.76074,9903.92195309342,1400.07840439065,819084.641156034,4500.81014582625,200.0016000128,800.025600819226,27229.6258329062,177957.805771191,1538151.24623158,17612.3991289868,0,
87.88705,9703.76506084361,900.032401166442,854009.646648079,4100.67251029169,300.003600043201,800.025600819226,26427.9078707115,182725.858831683,1490010.08739584,16410.7654621432,0,
88.01333,9903.92195309342,1300.06760351538,864494.876760855,3200.40965243551,200.0016000128,500.010000200004,26528.1198069954,176335.050695068,1512859.46915419,17111.7044058136,0,
88.13961,11605.3848985929,2400.23042212052,820151.285430412,3700.5476810568,100.0004000016,200.0016000128,23622.2994506814,183842.046942682,1460066.46768697,14308.184281409,0,
88.26582,11104.9305891816,1800.12960933187,792340.706503797,4800.92177698118,100.0004000016,600.014400345608,25025.025025025,164069.734670049,1445399.76981924,14708.648685427,0,
88.39205,9103.31360615264,2400.23042212052,815565.340228499,4700.88376614804,200.0016000128,400.006400102402,26327.6967369673,180798.130577547,1476880.38804516,15109.1259120509,0,
88.51833,8602.95941803981,2000.16001280102,874560.132477748,4500.81014582625,300.003600043201,600.014400345608,25425.8326459683,183334.676444516,1442267.0118969,16611.0297237366,0,
88.64463,10504.4118529783,1500.09000540032,835627.537058624,3300.43565750679,500.010000200004,100.0004000016,29334.3798932349,171974.932740483,1492704.9687598,14808.7667899396,0,
88.77102,9803.84310649775,2000.16001280102,873703.209995115,4500.81014582625,400.006400102402,500.010000200004,25826.6531060054,170150.215456486,1470824.91561101,15409.4922472243,0,
88.89726,9803.84310649775,1800.12960933187,827940.459365418,4900.9605882753,300.003600043201,600.014400345608,23522.1107841371,167413.635503368,1363337.22386142,14308.184281409,0,
89.02359,12306.0545788528,1800.12960933187,851443.130961343,4200.70571856072,200.0016000128,100.0004000016,29133.9118734207,165285.59579317,1468470.75763351,13707.5117164206,0,
89.1498,12806.5569571621,2000.16001280102,820044.617037098,3500.49006860961,100.0004000016,100.0004000016,24023.0621396541,160828.012656903,1289815.23584454,13507.2939387269,0,
89.27615,10004.0016006403,1700.11560786133,801923.79143789,4000.64010241639,200.0016000128,700.019600548815,25726.4467872973,172583.230629194,1472618.8408805,15910.1188355794,0,
89.40238,10104.0820491479,1900.14441097523,839900.113282122,4400.77453631839,300.003600043201,700.019600548815,28632.7558727184,175929.394609531,1519796.4976896,14708.648685427,0,
89.52868,12706.4548790786,900.032401166442,886026.929751536,3400.46246289495,400.006400102402,900.032401166442,26227.4864057532,165082.944113384,1468807.04027917,14408.2991803279,100.0004000016,
89.65499,11605.3848985929,2200.1936170383,828153.927532399,3800.57768780855,200.0016000128,500.010000200004,27830.9480141918,169035.240676383,1419129.98634659,12806.5569571621,0,
89.7813,11705.4781637807,2100.17641481884,839365.963973722,2800.31363512713,300.003600043201,300.003600043201,25826.6531060054,166096.235152003,1467461.96096367,17612.3991289868,100.0004000016,
89.90752,12406.1534521122,2100.17641481884,861712.252244797,4600.84655576626,300.003600043201,100.0004000016,27730.7256440136,165285.59579317,1477441.22008049,11305.1099096792,100.0004000016,
90.03377,12606.3536022155,2100.17641481884,821111.340632101,4300.73972723308,200.0016000128,300.003600043201,26327.6967369673,166602.911272625,1402277.7773084,13807.6218072376,0,
90.15997,12205.9565067753,2400.23042212052,859679.17447629,5101.04061228491,400.006400102402,200.0016000128,29033.6790677186,162651.378510693,1453346.87744693,10604.4963064339,0,
90.28628,10904.7544729502,1800.12960933187,869633.603205351,4500.81014582625,200.0016000128,100.0004000016,28833.2158646761,166197.568743985,1452451.18993706,14208.0701838644,0,
90.4126,14508.4148806308,1300.06760351538,868562.866816222,3700.5476810568,300.003600043201,400.006400102402,27530.2833116428,165690.908944491,1474861.58942361,12906.6598364756,100.0004000016,
90.53897,13006.7635170289,3200.40965243551,828367.399228042,4400.77453631839,400.006400102402,100.0004000016,29133.9118734207,168629.819792611,1443721.41433715,13106.8679988314,200.0016000128,
90.66521,12706.4548790786,2500.2500250025,840647.959415712,3500.49006860961,300.003600043201,200.0016000128,28833.2158646761,170251.581698609,1501242.37824269,13106.8679988314,0,
90.7915,12706.4548790786,2500.2500250025,890208.944342264,4600.84655576626,500.010000200004,300.003600043201,25726.4467872973,162853.991029946,1449876.42617734,15209.2472223112,100.0004000016,
90.91772,14408.2991803279,2400.23042212052,825058.98443472,4400.77453631839,200.0016000128,400.006400102402,26227.4864057532,157789.656726992,1503489.97956051,13907.7326993809,100.0004000016,
91.04396,15209.2472223112,1800.12960933187,830822.577378812,5201.0818250196,100.0004000016,400.006400102402,27430.063349431,165690.908944491,1480918.90907088,14908.8856958747,0,
91.17027,13707.5117164206,2400.23042212052,850480.818943232,4000.64010241639,500.010000200004,700.019600548815,28833.2158646761,163056.606812143,1429855.1643937,13907.7326993809,0,
91.29651,13907.7326993809,2700.2916314962,834239.25398984,5001.00020004001,500.010000200004,200.0016000128,31840.5011174214,164373.688936131,1604555.43173705,14808.7667899396,0,
91.42279,12806.5569571621,2900.33643902693,869954.841406829,4600.84655576626,200.0016000128,600.014400345608,30437.0114058695,167109.607795764,1462531.17286172,11505.2924345199,0,
91.54905,14808.7667899396,2300.21161946899,837122.778007441,4900.9605882753,200.0016000128,200.0016000128,28632.7558727184,164981.619497425,1460514.56175037,14308.184281409,0,
91.67525,13206.9732818928,3300.43565750679,899113.62873517,4200.70571856072,400.006400102402,600.014400345608,29635.0879441258,181102.489101619,1558224.12591573,12606.3536022155,0,
91.80157,17912.8255831175,1700.11560786133,865672.321247512,4800.92177698118,0,200.0016000128,30537.255451651,162752.684362456,1498096.37675629,13307.0793662228,0,
91.92776,13106.8679988314,2000.16001280102,849304.757099253,4700.88376614804,300.003600043201,300.003600043201,28332.0719053969,165082.944113384,1495512.71996575,13907.7326993809,0,
92.05408,14007.84439286,2200.1936170383,867492.219058341,4600.84655576626,300.003600043201,400.006400102402,37656.6355799122,174712.504783195,1519008.82552614,14007.84439286,0,
92.18034,13006.7635170289,2200.1936170383,852405.514628325,4600.84655576626,600.014400345608,200.0016000128,28432.2990917683,162448.769254306,1478675.13419393,12105.8592358702,100.0004000016,
92.30662,14408.2991803279,1800.12960933187,827940.459365418,5701.29989637637,300.003600043201,300.003600043201,29133.9118734207,175118.121654227,1459506.37144913,13407.186251831,200.0016000128,
92.43286,14508.4148806308,2200.1936170383,871180.436856968,4300.73972723308,400.006400102402,200.0016000128,28031.3951625821,286916.30051942,1500568.17218161,15609.7404780583,0,
92.55915,15109.1259120509,1800.12960933187,910065.127539705,4200.70571856072,400.006400102402,200.0016000128,26928.9755777216,169035.240676383,1505737.96215405,12205.9565067753,0,
92.68544,13307.0793662228,1600.10240655402,843532.91432352,4800.92177698118,200.0016000128,200.0016000128,33043.6175751993,152120.021892405,1441148.34964928,11205.0198488923,100.0004000016,
92.81173,12506.2531265633,2200.1936170383,810661.248492657,4700.88376614804,400.006400102402,0,31038.4877247787,176639.301338189,1492031.19701594,12005.7627661277,200.0016000128,
92.93801,14007.84439286,1900.14441097523,843105.472949505,4200.70571856072,200.0016000128,400.006400102402,29735.3255667733,164272.370031566,1501354.74925478,11905.6670975384,0,
93.06421,11705.4781637807,2100.17641481884,799580.602017734,3800.57768780855,100.0004000016,300.003600043201,30036.0432519023,170048.850030808,1438575.78564872,11205.0198488923,0,
93.19045,14208.0701838644,1100.04840212969,804267.406526622,4600.84655576626,500.010000200004,300.003600043201,30336.7681630136,157890.923435481,1485632.07431233,13607.4024269202,100.0004000016,
93.3167,13206.9732818928,2000.16001280102,837550.021496842,4500.81014582625,100.0004000016,200.0016000128,28532.5270808722,158802.360499473,1438240.27072758,12506.2531265633,0,
93.44294,11505.2924345199,1800.12960933187,784785.738744425,3300.43565750679,800.025600819226,0,28432.2990917683,160321.56903791,1445847.367263,15609.7404780583,0,
93.5692,13707.5117164206,2500.2500250025,809275.647193396,4500.81014582625,100.0004000016,400.006400102402,29133.9118734207,162144.861487425,1464099.86069298,11004.8421305374,0,
93.69551,11205.0198488923,1700.11560786133,811727.196887725,5201.0818250196,400.006400102402,200.0016000128,29835.5639922788,171670.794820677,1514283.77495524,12706.4548790786,0,
93.82174,13307.0793662228,2400.23042212052,837443.209299826,3700.5476810568,200.0016000128,400.006400102402,29434.6151073663,159916.42882159,1410087.38569714,13507.2939387269,0,
93.94808,11305.1099096792,1400.07840439065,809275.647193396,4700.88376614804,100.0004000016,0,25726.4467872973,167514.979704916,1457938.22812246,13707.5117164206,0,
94.07428,10704.5815609081,1400.07840439065,799687.101394834,4300.73972723308,200.0016000128,0,28332.0719053969,172279.0780099,1410424.33978235,11905.6670975384,200.0016000128,
94.20049,12005.7627661277,1500.09000540032,829861.799907426,3900.60849492521,200.0016000128,300.003600043201,29033.6790677186,164677.650545168,1525198.93899204,12205.9565067753,100.0004000016,
94.32681,11605.3848985929,2000.16001280102,805865.570020603,4400.77453631839,300.003600043201,300.003600043201,30437.0114058695,173597.125779375,1542772.08464809,13507.2939387269,0,
94.45313,11305.1099096792,1900.14441097523,811194.211684831,4500.81014582625,600.014400345608,0,31740.2466327303,167616.324722653,1498995.1581036,11205.0198488923,0,
94.57948,12205.9565067753,2000.16001280102,787232.637972009,3100.38444767151,700.019600548815,200.0016000128,33143.8825004306,161131.888614688,1440989.6606433,11305.1099096792,0,
94.70572,13607.4024269202,1200.05760276493,788722.282281291,4200.70571856072,300.003600043201,0,26928.9755777216,168731.173789082,1477889.90281555,13206.9732818928,0,
94.83201,13507.2939387269,2600.27042812453,813965.975127727,4800.92177698118,300.003600043201,500.010000200004,30236.5257230735,178464.959633885,1598121.53426476,13106.8679988314,100.0004000016,
94.95823,11405.2007715518,2000.16001280102,817591.487217194,4400.77453631839,0,300.003600043201,31138.7365883159,173901.310251215,1366641.58287342,12205.9565067753,0,
95.08447,13106.8679988314,1400.07840439065,794576.122889488,4200.70571856072,300.003600043201,400.006400102402,29334.3798932349,174306.900982402,1596197.3820831,11405.2007715518,200.0016000128,
95.21078,10104.0820491479,1800.12960933187,889166.454531389,3300.43565750679,400.006400102402,700.019600548815,31539.7400724913,170555.685323754,1584432.15652914,10904.7544729502,0,
95.33711,13206.9732818928,2400.23042212052,800858.652575958,4100.67251029169,700.019600548815,500.010000200004,31138.7365883159,162752.684362456,1461522.82888497,10204.1632986258,100.0004000016,
95.46342,16811.2971917128,1600.10240655402,761191.692118724,2900.33643902693,800.025600819226,200.0016000128,29534.8511243267,170352.948757189,1486305.52059363,14007.84439286,0,
95.58965,15009.0054032419,2400.23042212052,790318.520749859,3100.38444767151,400.006400102402,500.010000200004,30637.5003003677,167920.364673099,1486754.50380774,17612.3991289868,400.006400102402,
95.71592,16210.5044068556,1600.10240655402,807783.627542067,4700.88376614804,400.006400102402,200.0016000128,35349.9140786791,182827.326389588,1604555.43173705,12105.8592358702,100.0004000016,
95.84208,13807.6218072376,1600.10240655402,836588.743515016,3500.49006860961,400.006400102402,100.0004000016,32141.2693898966,177957.805771191,1510909.76958838,12406.1534521122,0,
95.9684,16611.0297237366,2000.16001280102,797237.838150194,3600.51847466035,200.0016000128,300.003600043201,35951.6265357053,177247.824685788,1527225.4219951,13807.6218072376,0,
96.09471,15809.9919148902,3300.43565750679,865137.105918771,3300.43565750679,300.003600043201,0,28833.2158646761,177856.377450309,1559465.58105736,13407.186251831,100.0004000016,
96.22094,17111.7044058136,2600.27042812453,831783.426327754,3200.40965243551,100.0004000016,200.0016000128,32041.0124959949,176943.559335006,1635527.95878099,12806.5569571621,300.003600043201,
96.34722,14708.648685427,2800.31363512713,817271.548127525,3100.38444767151,0,500.010000200004,35049.0686961746,173799.914610471,1519121.34725623,10804.6676164103,200.0016000128,
96.47346,15809.9919148902,2900.33643902693,791595.653806633,5001.00020004001,600.014400345608,100.0004000016,32442.0448901777,168021.712955692,1477104.71800824,14408.2991803279,0,
96.59967,16010.246557797,1500.09000540032,775321.676014517,3400.46246289495,200.0016000128,500.010000200004,31740.2466327303,179783.655298834,1447078.3383618,14308.184281409,0,
96.7259,18914.2992102029,3100.38444767151,791382.78951343,4100.67251029169,700.019600548815,700.019600548815,34146.5759295679,180290.882720277,1493033.31508222,12506.2531265633,200.0016000128,
96.85222,15009.0054032419,2900.33643902693,785530.398046076,3600.51847466035,200.0016000128,400.006400102402,34647.952766629,168123.062054524,1503377.59044013,11505.2924345199,0,
96.9784,13807.6218072376,2100.17641481884,793192.248010829,2800.31363512713,200.0016000128,100.0004000016,31038.4877247787,178870.697434575,1520134.08579794,13907.7326993809,200.0016000128,
97.10463,13907.7326993809,2900.33643902693,816525.054421235,3600.51847466035,300.003600043201,400.006400102402,34647.952766629,185161.305921132,1555403.06852994,12306.0545788528,0,
97.23083,13707.5117164206,2000.16001280102,801604.24054526,4100.67251029169,300.003600043201,100.0004000016,31038.4877247787,167312.292118,1504951.12487013,12506.2531265633,200.0016000128,
97.35706,16310.634533716,2100.17641481884,797663.763569571,3800.57768780855,700.019600548815,0,34347.1242544771,180696.679371168,1514733.70722643,13006.7635170289,0,
97.48329,14107.9568876847,2400.23042212052,784998.494156088,5001.00020004001,300.003600043201,500.010000200004,35349.9140786791,166906.926738127,1484958.66227652,14107.9568876847,300.003600043201,
97.60951,16911.4321281186,3300.43565750679,818124.736655128,3900.60849492521,100.0004000016,600.014400345608,36152.2037822616,170555.685323754,1420337.41681833,10804.6676164103,100.0004000016,
97.73586,14408.2991803279,2900.33643902693,814072.593302384,4400.77453631839,400.006400102402,600.014400345608,35650.7666917691,170555.685323754,1493154.16896274,14007.84439286,300.003600043201,
97.86209,18113.1138944596,3700.5476810568,790850.644152286,3000.36004320518,600.014400345608,300.003600043201,32542.3049964954,173901.310251215,1428178.78134382,11705.4781637807,100.0004000016,
97.98836,15409.4922472243,3200.40965243551,799474.103519874,3800.57768780855,100.0004000016,400.006400102402,36854.249455198,177653.523260123,1483611.94093095,10704.5815609081,0,
98.11455,16010.246557797,2500.2500250025,791702.087270867,4000.64010241639,100.0004000016,200.0016000128,33043.6175751993,174408.3007073,1402163.44225236,11505.2924345199,100.0004000016,
98.24077,15309.3693340324,2700.2916314962,791702.087270867,2700.2916314962,200.0016000128,200.0016000128,34447.3996218797,165082.944113384,1420023.41870876,10604.4963064339,100.0004000016,
98.36704,13807.6218072376,2000.16001280102,830395.556345392,3700.5476810568,700.019600548815,400.006400102402,37656.6355799122,182725.858831683,1835860.56257668,13707.5117164206,100.0004000016,
98.49336,15809.9919148902,2300.21161946899,841289.004841624,4600.84655576626,200.0016000128,600.014400345608,46687.0246138803,176132.221018244,1490010.08739584,12906.6598364756,100.0004000016,
98.61969,18513.7001381022,2600.27042812453,836802.354662819,3700.5476810568,600.014400345608,300.003600043201,37556.3345017526,177856.377450309,1666512.16321195,13206.9732818928,100.0004000016,
98.746,19014.4509827469,2400.23042212052,829221.321298983,3500.49006860961,300.003600043201,200.0016000128,38559.381447429,169035.240676383,1592990.17519506,11305.1099096792,0,
98.87232,18814.1482394761,3000.36004320518,792318.667053741,3500.49006860961,300.003600043201,400.006400102402,35349.9140786791,173799.914610471,1483275.28199392,12606.3536022155,0,
98.99864,20216.3347985172,2700.2916314962,797663.763569571,3900.60849492521,200.0016000128,0,35851.3391176164,166298.903152029,1440141.63455071,11505.2924345199,100.0004000016,
99.12486,20216.3347985172,3000.36004320518,859358.191417176,5001.00020004001,300.003600043201,0,37255.4360889003,173799.914610471,1444294.0196553,12606.3536022155,0,
99.25115,22920.9956319989,3700.5476810568,816525.054421235,3900.60849492521,400.006400102402,200.0016000128,33143.8825004306,164069.734670049,1412319.55103283,17912.8255831175,300.003600043201,
99.37741,22019.3770518056,2800.31363512713,788190.246700143,4600.84655576626,100.0004000016,400.006400102402,35049.0686961746,166602.911272625,1367467.67262642,9803.84310649775,200.0016000128,
99.50366,20717.1538033492,4900.9605882753,794150.299418497,4300.73972723308,200.0016000128,600.014400345608,36954.5449082846,177146.402085071,1312119.6591755,11505.2924345199,200.0016000128,
99.62998,24223.4482979524,4100.67251029169,809595.388135019,3900.60849492521,600.014400345608,100.0004000016,35049.0686961746,156777.034478872,1429743.39890729,14208.0701838644,100.0004000016,
99.75622,21618.6785382571,3900.60849492521,778617.358702242,4800.92177698118,500.010000200004,300.003600043201,33544.9502333126,175625.161124001,1402500.84488003,12806.5569571621,200.0016000128,
99.88251,22920.9956319989,3400.46246289495,790957.071467774,3400.46246289495,400.006400102402,1000.04000160006,34347.1242544771,159106.187529939,1466598.44298626,12406.1534521122,200.0016000128,
100.00873,19915.8530190031,2800.31363512713,699224.500201482,4000.64010241639,400.006400102402,500.010000200004,28732.9854673165,137148.281021252,1200287.57435642,9803.84310649775,100.0004000016,
100.13489,25626.2412710616,3600.51847466035,688133.726259027,3700.5476810568,200.0016000128,300.003600043201,31339.2367243789,140889.545010237,1245176.13662609,11505.2924345199,0,
100.26118,29835.5639922788,4800.92177698118,669354.076909492,4100.67251029169,200.0016000128,900.032401166442,28933.4470648069,153031.040852547,1272757.46251403,8703.02865397158,200.0016000128,
100.38746,24524.0335528818,4800.92177698118,829968.549430294,3300.43565750679,200.0016000128,100.0004000016,30236.5257230735,176943.559335006,1404508.62265634,9403.53572943427,100.0004000016,
100.51371,23121.3641404658,4700.88376614804,780850.396818849,2900.33643902693,300.003600043201,0,31840.5011174214,161030.595813205,1414775.36875026,10404.3282005314,300.003600043201,
100.63994,22119.5536854579,2600.27042812453,826446.280991736,4300.73972723308,100.0004000016,200.0016000128,37656.6355799122,169035.240676383,1418794.96478903,10504.4118529783,0,
100.76618,17612.3991289868,2700.2916314962,814925.570406595,4100.67251029169,300.003600043201,400.006400102402,32241.5270868879,164880.295697409,1362965.30633766,10604.4963064339,0,
100.89247,17612.3991289868,2500.2500250025,807357.367897299,3800.57768780855,500.010000200004,400.006400102402,31940.756405173,166805.587433509,1351294.37557973,10204.1632986258,0,
101.01878,17211.841747122,2900.33643902693,789999.257248021,3100.38444767151,700.019600548815,200.0016000128,29635.0879441258,160625.432762757,1317229.99574714,13807.6218072376,100.0004000016,
101.14508,17512.2585810067,2900.33643902693,815778.603882693,4800.92177698118,400.006400102402,300.003600043201,30537.255451651,168629.819792611,1366635.4485703,9703.76506084361,0,
101.27138,15209.2472223112,2100.17641481884,773833.579387531,3600.51847466035,200.0016000128,100.0004000016,32943.3534531443,159713.863606172,1378208.64529961,10704.5815609081,100.0004000016,
101.39771,17612.3991289868,2500.2500250025,833064.669460771,5401.16665199683,600.014400345608,0,29133.9118734207,165690.908944491,1425050.10189499,12306.0545788528,300.003600043201,
101.52391,14408.2991803279,2600.27042812453,826873.171457379,5401.16665199683,200.0016000128,200.0016000128,27430.063349431,167109.607795764,1337728.44151846,11605.3848985929,100.0004000016,
101.65015,16410.7654621432,2800.31363512713,824312.040327246,4200.70571856072,300.003600043201,0,26628.3325458288,170961.168254787,1373644.9221239,12005.7627661277,100.0004000016,
101.77644,14107.9568876847,2100.17641481884,799687.101394834,4500.81014582625,400.006400102402,300.003600043201,28933.4470648069,168123.062054524,1399935.79535615,12806.5569571621,0,
101.90269,14908.8856958747,3200.40965243551,828901.093905619,4000.64010241639,400.006400102402,200.0016000128,28632.7558727184,160625.432762757,1406516.70581873,14508.4148806308,200.0016000128,
102.02889,15509.6159618964,2300.21161946899,845029.070488699,4100.67251029169,300.003600043201,200.0016000128,27730.7256440136,162448.769254306,1384221.81320815,12406.1534521122,0,
102.15521,15910.1188355794,2900.33643902693,785104.87317854,4700.88376614804,200.0016000128,600.014400345608,30036.0432519023,159511.301652477,1372643.34059108,15009.0054032419,0,
102.28145,11705.4781637807,2600.27042812453,786700.663852822,4100.67251029169,400.006400102402,0,32041.0124959949,168325.762700944,1373533.63153009,13106.8679988314,0,
102.40774,13507.2939387269,2300.21161946899,796492.502507419,5401.16665199683,300.003600043201,200.0016000128,29735.3255667733,160929.303827279,1394695.72194772,15309.3693340324,200.0016000128,
102.53399,15109.1259120509,3000.36004320518,812899.84181855,5701.29989637637,400.006400102402,200.0016000128,28833.2158646761,162550.073474646,1410422.1864449,14107.9568876847,0,
102.66021,13807.6218072376,2500.2500250025,789041.514167468,5001.00020004001,0,100.0004000016,23922.8702639724,155966.995371302,1364299.78528914,12906.6598364756,0,
102.78652,10804.6676164103,2300.21161946899,775002.783700301,5101.04061228491,200.0016000128,200.0016000128,24123.2548176442,164880.295697409,1461858.93500544,15309.3693340324,100.0004000016,
102.91271,13907.7326993809,3000.36004320518,835093.564374853,4400.77453631839,300.003600043201,200.0016000128,26528.1198069954,175625.161124001,1349293.69806044,15509.6159618964,0,
103.0389,11905.6670975384,2000.16001280102,799261.109161834,4700.88376614804,100.0004000016,200.0016000128,27430.063349431,161840.961061548,1430637.54926671,14808.7667899396,0,
103.16518,12906.6598364756,2400.23042212052,770326.602811233,4800.92177698118,300.003600043201,200.0016000128,27630.5040765005,160726.722302066,1487877.02844162,15309.3693340324,0,
103.29153,14208.0701838644,2300.21161946899,827193.348567934,4800.92177698118,200.0016000128,300.003600043201,27329.8441898553,169744.758652351,1493154.16896274,14908.8856958747,0,
103.4178,10104.0820491479,1900.14441097523,780744.052897962,3500.49006860961,0,200.0016000128,26027.0681508769,161435.771912591,1412096.31751988,16210.5044068556,100.0004000016,
103.5441,14608.5313823273,2100.17641481884,806611.447399932,4300.73972723308,0,100.0004000016,25926.8602271954,158093.45929823,1512259.26868584,15209.2472223112,0,
103.67026,13507.2939387269,2200.1936170383,805013.191522744,5201.0818250196,200.0016000128,0,25826.6531060054,169643.396492359,1443721.41433715,17412.118834709,0,
103.79648,13907.7326993809,2700.2916314962,792234.267768786,4500.81014582625,100.0004000016,200.0016000128,30136.2840860396,183740.57120753,1529477.43296532,17011.567866149,100.0004000016,
103.92281,13407.186251831,2800.31363512713,802243.350245844,4700.88376614804,300.003600043201,100.0004000016,26127.2768770597,175523.751596128,1505063.52733626,18012.9693379233,200.0016000128,
104.04906,13907.7326993809,3000.36004320518,806931.122333112,5301.12383825371,300.003600043201,300.003600043201,24724.4277346018,168224.411969605,1418794.96478903,18413.5523745477,200.0016000128,
104.17527,14007.84439286,2700.2916314962,757051.250350296,4800.92177698118,500.010000200004,300.003600043201,24724.4277346018,167008.266858875,1507986.32612033,17412.118834709,100.0004000016,
104.30162,16310.634533716,2900.33643902693,772877.036572743,5901.39272868397,500.010000200004,100.0004000016,26427.9078707115,179986.543815191,1454207.09669128,15809.9919148902,1200.05760276493,
104.42785,18113.1138944596,2900.33643902693,712228.735986835,3600.51847466035,300.003600043201,400.006400102402,25626.2412710616,158295.998422072,1345989.33904845,14808.7667899396,400.006400102402,
104.55415,21819.0261908384,3600.51847466035,708421.256134029,3500.49006860961,200.0016000128,200.0016000128,25425.8326459683,163664.473737187,1377540.68471875,16110.3750815525,0,
104.68046,20717.1538033492,3200.40965243551,715508.303023321,4000.64010241639,300.003600043201,200.0016000128,24924.8251258253,160625.432762757,1380101.38400564,15509.6159618964,200.0016000128,
104.80678,23922.8702639724,2900.33643902693,767414.950273775,4800.92177698118,300.003600043201,300.003600043201,27430.063349431,179377.888074644,1478338.60075749,17211.841747122,0,
104.9331,19214.7569333248,2800.31363512713,775002.783700301,4200.70571856072,300.003600043201,300.003600043201,30336.7681630136,165285.59579317,1435207.03237231,16210.5044068556,100.0004000016,
105.05931,19114.6035571176,2400.23042212052,774790.193207827,4300.73972723308,100.0004000016,200.0016000128,28031.3951625821,172786.003125453,1532630.89077471,19114.6035571176,100.0004000016,
105.1856,17812.6826300326,4000.64010241639,795001.960420149,3600.51847466035,400.006400102402,100.0004000016,27530.2833116428,169035.240676383,1465892.87453473,13707.5117164206,300.003600043201,
105.31192,17011.567866149,2800.31363512713,774896.488015704,4200.70571856072,200.0016000128,200.0016000128,24924.8251258253,166197.568743985,1486305.52059363,16310.634533716,300.003600043201,
105.43816,16410.7654621432,2700.2916314962,765864.558125729,4600.84655576626,500.010000200004,100.0004000016,28532.5270808722,179783.655298834,1600045.96487943,18814.1482394761,100.0004000016,
105.56444,16811.2971917128,3000.36004320518,785424.015512511,3900.60849492521,400.006400102402,100.0004000016,27830.9480141918,182624.392091447,1542095.76388152,16811.2971917128,0,
105.69067,15709.8657957197,2600.27042812453,805439.373732953,3900.60849492521,500.010000200004,100.0004000016,25926.8602271954,178972.13392796,1609445.71460199,18113.1138944596,0,
105.8169,19314.911111378,2200.1936170383,777022.568298799,2800.31363512713,300.003600043201,400.006400102402,28632.7558727184,164576.329192922,1550326.67521941,18413.5523745477,100.0004000016,
105.94314,18012.9693379233,3200.40965243551,773408.440481983,3500.49006860961,300.003600043201,0,29735.3255667733,165690.908944491,1515183.65476807,17111.7044058136,100.0004000016,
106.06936,17912.8255831175,3200.40965243551,786487.880350696,3200.40965243551,400.006400102402,300.003600043201,30336.7681630136,177856.377450309,1565335.84960194,16110.3750815525,100.0004000016,
106.19557,20717.1538033492,1800.12960933187,789573.584874518,4300.73972723308,400.006400102402,300.003600043201,29735.3255667733,181102.489101619,1584319.07988482,15609.7404780583,0,
106.3218,18914.2992102029,3500.49006860961,805972.121292198,4100.67251029169,400.006400102402,100.0004000016,34046.302972042,191556.596358712,1770599.47208979,14208.0701838644,300.003600043201,
106.44806,19615.3784567101,3100.38444767151,843426.05265443,2800.31363512713,500.010000200004,400.006400102402,32642.5659059413,185364.281108962,1654270.65386124,18413.5523745477,300.003600043201,
106.5744,21217.9928579435,3300.43565750679,795747.209931982,4600.84655576626,500.010000200004,100.0004000016,31038.4877247787,185770.241299828,1541419.47757993,16611.0297237366,200.0016000128,
106.70072,19415.0660912868,3300.43565750679,778298.384834936,4700.88376614804,500.010000200004,400.006400102402,29935.8032206519,185770.241299828,1614468.50877303,17111.7044058136,200.0016000128,
106.82704,22319.9093591484,2900.33643902693,795853.677663267,3600.51847466035,200.0016000128,200.0016000128,31439.4879969241,175523.751596128,1624862.08321441,16510.8971921468,100.0004000016,
106.95335,22820.8125810739,3200.40965243551,782445.660917525,3400.46246289495,500.010000200004,100.0004000016,32843.0901342561,178363.527226875,1627584.47334898,16911.4321281186,100.0004000016,
107.07971,20216.3347985172,3100.38444767151,809915.13699903,2800.31363512713,400.006400102402,300.003600043201,34246.8496903764,185871.733392436,1605820.9279259,15910.1188355794,300.003600043201,
107.20602,20016.0128102482,3400.46246289495,764165.137992869,3800.57768780855,400.006400102402,100.0004000016,32141.2693898966,182928.794765174,1614431.40928737,14908.8856958747,300.003600043201,
107.33234,20516.8237955123,2700.2916314962,761828.801312411,2500.2500250025,500.010000200004,200.0016000128,34347.1242544771,185465.769929763,1681807.70314461,17512.2585810067,300.003600043201,
107.45849,19515.221873061,2400.23042212052,769264.071048953,3900.60849492521,400.006400102402,100.0004000016,35049.0686961746,182319.996776663,1660865.26238557,15309.3693340324,500.010000200004,
107.58472,22119.5536854579,3900.60849492521,801071.673313023,2700.2916314962,300.003600043201,300.003600043201,34447.3996218797,185770.241299828,1668373.44256699,14208.0701838644,0,
107.71101,21017.6548300572,3100.38444767151,788403.058298295,2600.27042812453,300.003600043201,200.0016000128,34046.302972042,187597.224125285,1533306.72927112,15809.9919148902,200.0016000128,
107.83725,20316.4969955604,4600.84655576626,793298.69465274,3000.36004320518,400.006400102402,300.003600043201,36954.5449082846,196939.277392097,1604555.43173705,16711.163056922,300.003600043201,
107.96349,22520.2682414173,4100.67251029169,811727.196887725,3300.43565750679,500.010000200004,300.003600043201,31940.756405173,183131.733969426,1609785.58899164,12205.9565067753,0,
108.08975,23522.1107841371,3100.38444767151,805545.921485078,3800.57768780855,500.010000200004,200.0016000128,36954.5449082846,187394.212944306,1666552.88937434,15509.6159618964,200.0016000128,
108.21601,27830.9480141918,3900.60849492521,797876.731553486,3000.36004320518,400.006400102402,600.014400345608,30737.7459520291,182218.53330701,1650747.28695393,14808.7667899396,300.003600043201,
108.34224,23522.1107841371,3800.57768780855,793937.39295516,3400.46246289495,300.003600043201,100.0004000016,35450.1974796312,184349.437885321,1613184.81047154,14508.4148806308,300.003600043201,
108.46841,24223.4482979524,4100.67251029169,795321.347795222,3100.38444767151,500.010000200004,300.003600043201,36854.249455198,181102.489101619,1657794.95250647,14208.0701838644,300.003600043201,
108.59467,23421.922919853,4000.64010241639,779361.661758276,3900.60849492521,500.010000200004,200.0016000128,36854.249455198,174205.502074355,1578327.39396311,18313.4054127621,0,
108.72097,24924.8251258253,4000.64010241639,769264.071048953,3200.40965243551,700.019600548815,400.006400102402,37556.3345017526,194907.806793353,1624294.9886687,14908.8856958747,100.0004000016,
108.84729,27630.5040765005,4000.64010241639,793085.802247506,4500.81014582625,500.010000200004,300.003600043201,37556.3345017526,182319.996776663,1628945.87720008,14007.84439286,600.014400345608,
108.9736,22620.4488857928,3700.5476810568,756308.235012919,4100.67251029169,500.010000200004,0,33143.8825004306,177450.672338643,1528914.39437672,11805.5722300926,200.0016000128,
109.0998,19014.4509827469,3600.51847466035,772239.380806486,3200.40965243551,100.0004000016,300.003600043201,34447.3996218797,174408.3007073,1504389.1268394,13206.9732818928,300.003600043201,
109.22611,24123.2548176442,3700.5476810568,766183.224359556,3500.49006860961,200.0016000128,200.0016000128,32542.3049964954,166096.235152003,1556418.58014515,13807.6218072376,500.010000200004,
109.35227,21017.6548300572,4600.84655576626,788722.282281291,3300.43565750679,200.0016000128,300.003600043201,32442.0448901777,186480.703125944,1558675.5507207,16210.5044068556,200.0016000128,
109.47859,22820.8125810739,3900.60849492521,773514.723893492,2900.33643902693,200.0016000128,100.0004000016,32141.2693898966,188409.301575787,1525874.39892369,14908.8856958747,500.010000200004,
109.60485,23021.1794851263,4000.64010241639,755246.858890093,2200.1936170383,100.0004000016,400.006400102402,35550.4816839913,179276.448311981,1512821.60052601,15309.3693340324,500.010000200004,
109.73113,22119.5536854579,3400.46246289495,761616.42807975,2100.17641481884,100.0004000016,0,36954.5449082846,177856.377450309,1527788.38889313,12506.2531265633,0,
109.85741,19314.911111378,2800.31363512713,735627.166939807,3100.38444767151,400.006400102402,200.0016000128,35851.3391176164,169035.240676383,1526662.47899088,15109.1259120509,200.0016000128,
109.98365,21718.8519635043,3300.43565750679,758218.932496981,3500.49006860961,200.0016000128,400.006400102402,33143.8825004306,173698.519786527,1540405.11274364,16410.7654621432,300.003600043201,
110.10996,23121.3641404658,3400.46246289495,754928.463110701,2900.33643902693,300.003600043201,100.0004000016,30837.992406645,165690.908944491,1512146.80518026,14208.0701838644,200.0016000128,
110.23626,21017.6548300572,3800.57768780855,811514.000165194,3400.46246289495,300.003600043201,500.010000200004,32843.0901342561,174611.102607687,1583979.85572342,15309.3693340324,300.003600043201,
110.3624,25526.0365572884,4300.73972723308,784998.494156088,3200.40965243551,300.003600043201,500.010000200004,36152.2037822616,170758.42515626,1485183.12915023,14107.9568876847,100.0004000016,
110.48859,23922.8702639724,3500.49006860961,706539.198144967,3600.51847466035,0,400.006400102402,36152.2037822616,177349.248103642,1517771.14951356,13106.8679988314,400.006400102402,
110.61482,30036.0432519023,4800.92177698118,794895.499719352,2800.31363512713,300.003600043201,700.019600548815,38459.0731363374,174712.504783195,1563980.94193751,16310.634533716,200.0016000128,
110.74107,28732.9854673165,4800.92177698118,779042.669471427,2900.33643902693,300.003600043201,200.0016000128,50501.811652291,180899.582601409,1640903.38086899,14508.4148806308,500.010000200004,
110.86726,26528.1198069954,3300.43565750679,760448.437886407,3700.5476810568,400.006400102402,800.025600819226,34748.2305439951,171265.289026537,1415891.80050719,13907.7326993809,400.006400102402,
110.99349,29935.8032206519,4400.77453631839,741562.945329039,4800.92177698118,600.014400345608,200.0016000128,40064.1025641026,180189.435601162,1471497.60909434,13807.6218072376,500.010000200004,
111.11973,27530.2833116428,5801.34591225164,791702.087270867,4800.92177698118,200.0016000128,400.006400102402,41067.3504547458,172786.003125453,1526437.30847912,15910.1188355794,400.006400102402,
111.24606,29133.9118734207,4500.81014582625,826019.40463794,3800.57768780855,200.0016000128,700.019600548815,41769.6718125834,190033.613580854,1554274.81337656,17412.118834709,300.003600043201,
111.37236,28632.7558727184,4900.9605882753,799580.602017734,2400.23042212052,100.0004000016,0,39060.9350586916,173698.519786527,1506862.09645953,16210.5044068556,300.003600043201,
111.4987,25425.8326459683,3700.5476810568,785636.781457445,3200.40965243551,300.003600043201,1500.09000540032,39060.9350586916,180493.779410817,1538151.24623158,16911.4321281186,300.003600043201,
111.62498,27229.6258329062,4300.73972723308,777979.418861232,3000.36004320518,200.0016000128,600.014400345608,37857.2401471024,178566.39285815,1470488.58169005,13707.5117164206,500.010000200004,
111.75125,22720.6303323418,5001.00020004001,797876.731553486,3100.38444767151,500.010000200004,200.0016000128,37756.9374616922,167312.292118,1501916.61860986,14208.0701838644,500.010000200004,
111.87743,24123.2548176442,3400.46246289495,772983.315601521,4300.73972723308,400.006400102402,300.003600043201,32041.0124959949,172076.313680319,1501242.37824269,15309.3693340324,400.006400102402,
112.00365,22119.5536854579,6101.48876325823,776597.324182985,3900.60849492521,200.0016000128,300.003600043201,36152.2037822616,181406.8549833,1482938.63161597,16410.7654621432,400.006400102402,
112.12989,25926.8602271954,3700.5476810568,789360.75395712,2300.21161946899,200.0016000128,500.010000200004,34447.3996218797,180189.435601162,1557208.47621112,17612.3991289868,200.0016000128,
112.25621,24123.2548176442,5001.00020004001,815138.823490537,5201.0818250196,1300.06760351538,300.003600043201,34748.2305439951,168832.528601861,1501467.12121983,18413.5523745477,400.006400102402,
112.38253,23221.549598027,4100.67251029169,803947.797581448,3300.43565750679,400.006400102402,0,38659.6905622281,171873.552617271,1470488.58169005,16010.246557797,0,
112.50879,26327.6967369673,4500.81014582625,785849.550913644,3600.51847466035,300.003600043201,400.006400102402,34046.302972042,177044.98030148,1476319.57976786,16911.4321281186,800.025600819226,
112.63499,23722.4889194957,3800.57768780855,826659.724460533,4700.88376614804,100.0004000016,100.0004000016,35249.6314811254,180087.98929947,1542208.4816158,17011.567866149,300.003600043201,
112.76135,44478.9946945776,4600.84655576626,790105.677537024,3800.57768780855,300.003600043201,400.006400102402,34347.1242544771,184958.334004932,1374902.4804034,13807.6218072376,400.006400102402,
112.88751,27830.9480141918,4700.88376614804,827513.533617092,3800.57768780855,600.014400345608,500.010000200004,32041.0124959949,238452.903027807,1445946.19916129,18814.1482394761,200.0016000128,
113.01381,25826.6531060054,3800.57768780855,781382.129583414,3200.40965243551,400.006400102402,400.006400102402,36352.7842427204,173597.125779375,1489448.72278474,15009.0054032419,200.0016000128,
113.13995,23421.922919853,4100.67251029169,868669.936466547,4600.84655576626,300.003600043201,500.010000200004,37054.8411649241,179580.770052011,1514058.81454582,16510.8971921468,400.006400102402,
113.26626,22720.6303323418,3600.51847466035,824632.153939599,4200.70571856072,300.003600043201,200.0016000128,34547.6757925938,178769.261758485,1479236.0422651,15910.1188355794,300.003600043201,
113.3925,23822.6791905894,4400.77453631839,796598.976390953,3200.40965243551,400.006400102402,400.006400102402,35450.1974796312,177856.377450309,1485856.55260091,18213.259252736,0,
113.51875,24223.4482979524,2900.33643902693,849043.79971922,3600.51847466035,200.0016000128,100.0004000016,33244.1482288479,179986.543815191,1361685.04435542,16611.0297237366,500.010000200004,
113.64501,19915.8530190031,2900.33643902693,859786.170600113,3500.49006860961,400.006400102402,100.0004000016,28732.9854673165,173698.519786527,1528914.39437672,15609.7404780583,400.006400102402,
113.77132,22920.9956319989,2800.31363512713,846739.175385633,3600.51847466035,200.0016000128,800.025600819226,34647.952766629,174306.900982402,1486754.50380774,17311.9798900839,0,
113.89755,20416.6599945556,4400.77453631839,832424.032007407,3700.5476810568,400.006400102402,200.0016000128,31138.7365883159,178769.261758485,1499107.51005906,19014.4509827469,200.0016000128,
114.02385,21418.3340939844,3400.46246289495,843532.91432352,3900.60849492521,300.003600043201,200.0016000128,32843.0901342561,170555.685323754,1480021.35348922,16310.634533716,400.006400102402,
114.15015,18012.9693379233,3800.57768780855,830182.051123096,5701.29989637637,300.003600043201,300.003600043201,29635.0879441258,182827.326389588,1507873.89886292,18513.7001381022,0,
114.27639,22319.9093591484,3500.49006860961,910611.321758582,4700.88376614804,100.0004000016,400.006400102402,32141.2693898966,176030.807405378,1503040.42879799,20817.3200102485,600.014400345608,
114.40262,21318.1630749398,3900.60849492521,828260.662939132,4400.77453631839,300.003600043201,400.006400102402,30236.5257230735,171569.417147276,1488438.32643928,20316.4969955604,200.0016000128,
114.52881,21017.6548300572,5001.00020004001,848021.902579839,4500.81014582625,200.0016000128,100.0004000016,30938.239664225,180392.330656825,1517208.60769805,17412.118834709,300.003600043201,
114.65506,20717.1538033492,3100.38444767151,828260.662939132,4400.77453631839,400.006400102402,1100.04840212969,28231.8455217485,177349.248103642,1480470.12367439,15509.6159618964,100.0004000016,
114.78129,24824.6260290208,5001.00020004001,725908.755640497,4100.67251029169,500.010000200004,100.0004000016,31339.2367243789,169947.485421566,1524861.22192609,16310.634533716,700.019600548815,
114.90753,21418.3340939844,3800.57768780855,829114.577952268,4400.77453631839,100.0004000016,100.0004000016,33845.7594667991,184958.334004932,1592689.35058525,18313.4054127621,0,
115.03382,28632.7558727184,10004.0016006403,900723.562613445,4600.84655576626,200.0016000128,200.0016000128,30537.255451651,185262.793106088,1573807.15494443,15109.1259120509,200.0016000128,
115.16013,22720.6303323418,3500.49006860961,861284.209306752,4400.77453631839,400.006400102402,400.006400102402,29334.3798932349,175016.7162111,1492704.9687598,23321.7358578195,100.0004000016,
115.28637,23722.4889194957,5001.00020004001,820684.640617383,4000.64010241639,400.006400102402,400.006400102402,27029.191526849,180189.435601162,1481255.50810115,16911.4321281186,100.0004000016,
115.41266,18914.2992102029,3600.51847466035,813219.672564471,2700.2916314962,300.003600043201,100.0004000016,24023.0621396541,178566.39285815,1524973.79332589,18713.9980705568,1000.04000160006,
115.53891,21518.505915087,4400.77453631839,924446.719969675,4900.9605882753,400.006400102402,200.0016000128,28933.4470648069,173191.557918479,1542659.36212681,17512.2585810067,200.0016000128,
115.66512,22920.9956319989,4300.73972723308,835200.35714581,5701.29989637637,300.003600043201,400.006400102402,30938.239664225,175827.982630693,1563529.3367618,18413.5523745477,200.0016000128,
115.79143,26327.6967369673,3700.5476810568,877881.243297629,4600.84655576626,100.0004000016,300.003600043201,29835.5639922788,164475.008656579,1505850.37129395,17111.7044058136,300.003600043201,
115.91777,26427.9078707115,3800.57768780855,879702.859603647,3100.38444767151,500.010000200004,400.006400102402,28632.7558727184,187191.205035826,1546492.46504358,18413.5523745477,100.0004000016,
116.04407,23922.8702639724,4000.64010241639,895679.771952286,5601.25468104855,400.006400102402,0,27029.191526849,184450.918527294,1585555.36741808,18914.2992102029,300.003600043201,
116.17026,28432.2990917683,4000.64010241639,905232.44246966,3400.46246289495,200.0016000128,300.003600043201,28131.6199408135,182624.392091447,1584545.23413541,19214.7569333248,100.0004000016,
116.29658,25526.0365572884,3800.57768780855,875417.111723841,5401.16665199683,300.003600043201,400.006400102402,28632.7558727184,182827.326389588,1613978.087115,16711.163056922,200.0016000128,
116.42284,20717.1538033492,4200.70571856072,821538.054749924,3800.57768780855,400.006400102402,200.0016000128,29434.6151073663,168933.884230958,1518221.20015105,19014.4509827469,200.0016000128,
116.54912,22820.8125810739,3400.46246289495,835200.35714581,4400.77453631839,700.019600548815,100.0004000016,28532.5270808722,182015.608820555,1520809.28779958,19415.0660912868,400.006400102402,
116.67541,22920.9956319989,4000.64010241639,816311.778434086,3700.5476810568,200.0016000128,300.003600043201,29033.6790677186,165386.922857016,1528126.18050161,18914.2992102029,200.0016000128,
116.80164,23822.6791905894,3200.40965243551,792447.146117308,3600.51847466035,600.014400345608,400.006400102402,26427.9078707115,183943.523495612,1551229.0032881,17412.118834709,200.0016000128,
116.92793,23522.1107841371,4100.67251029169,845242.821225354,4900.9605882753,0,600.014400345608,28532.5270808722,183740.57120753,1623160.87204696,15509.6159618964,300.003600043201,
117.05423,23421.922919853,3000.36004320518,877024.100825167,4000.64010241639,100.0004000016,400.006400102402,26728.5460872212,180290.882720277,1454207.09669128,20216.3347985172,0,
117.18054,19114.6035571176,4200.70571856072,905077.162474145,4800.92177698118,500.010000200004,200.0016000128,27129.408278574,177754.949946623,1510010.17984391,15009.0054032419,300.003600043201,
117.30677,23622.2994506814,3200.40965243551,816951.616967314,5801.34591225164,200.0016000128,200.0016000128,26127.2768770597,179580.770052011,1663140.02201309,18213.259252736,200.0016000128,
117.43305,22219.7311212357,2900.33643902693,867385.159156847,5001.00020004001,400.006400102402,100.0004000016,25025.025025025,192572.020524892,1629967.02144884,17412.118834709,100.0004000016,
117.55938,25325.6295370915,2300.21161946899,847701.20884529,4300.73972723308,400.006400102402,100.0004000016,25826.6531060054,186683.699581297,1540120.43100315,16210.5044068556,100.0004000016,
117.68562,20717.1538033492,2700.2916314962,871239.873996713,4300.73972723308,500.010000200004,200.0016000128,26728.5460872212,177146.402085071,1592802.49844698,17712.5404786589,100.0004000016,
117.81185,20016.0128102482,2700.2916314962,824738.860240645,4100.67251029169,400.006400102402,100.0004000016,26628.3325458288,176943.559335006,1584319.07988482,17011.567866149,100.0004000016,
117.93811,19915.8530190031,4900.9605882753,847701.20884529,4200.70571856072,200.0016000128,200.0016000128,30637.5003003677,193790.637584298,1677024.46603268,18914.2992102029,0,
118.06428,21919.201220269,4000.64010241639,821111.340632101,5201.0818250196,200.0016000128,500.010000200004,28532.5270808722,183030.26395845,1666097.78991382,18914.2992102029,100.0004000016,
118.19058,21418.3340939844,3300.43565750679,851977.779708059,3500.49006860961,400.006400102402,300.003600043201,28031.3951625821,179479.32865465,1612278.26649748,18213.259252736,100.0004000016,
118.31687,21318.1630749398,3300.43565750679,807783.627542067,4400.77453631839,100.0004000016,600.014400345608,25025.025025025,181812.687604505,1688301.9834746,18814.1482394761,200.0016000128,
118.44313,20817.3200102485,4600.84655576626,853047.143548527,4000.64010241639,300.003600043201,200.0016000128,24423.8376655616,200698.361753001,1686022.9286309,19815.6940296715,100.0004000016,
118.56934,23922.8702639724,2300.21161946899,833918.902161782,4700.88376614804,200.0016000128,300.003600043201,27931.1711870447,180798.130577547,1690125.50764619,21518.505915087,0,
118.69557,24123.2548176442,3200.40965243551,829221.321298983,2800.31363512713,200.0016000128,300.003600043201,30236.5257230735,202425.884705958,1700957.8167588,19615.3784567101,200.0016000128,
118.82187,23622.2994506814,4600.84655576626,824845.567423507,4700.88376614804,0,0,40164.423735672,197142.442469884,1704038.07782198,18713.9980705568,100.0004000016,
118.94807,23922.8702639724,4800.92177698118,844601.579622049,3800.57768780855,300.003600043201,400.006400102402,29635.0879441258,193282.866149096,1729848.90151013,20616.9883984403,200.0016000128,
119.07433,23522.1107841371,2600.27042812453,795747.209931982,3700.5476810568,500.010000200004,0,29534.8511243267,189830.5631237,1603895.66164953,17712.5404786589,400.006400102402,
119.20064,23021.1794851263,4900.9605882753,781594.828830836,3100.38444767151,500.010000200004,0,29735.3255667733,192775.115181368,1680782.57936999,20616.9883984403,200.0016000128,
119.32688,25025.025025025,3400.46246289495,819191.301617727,3700.5476810568,600.014400345608,400.006400102402,33444.6820952793,195110.939112487,1733278.86873318,22520.2682414173,700.019600548815,
119.45317,23722.4889194957,4300.73972723308,819191.301617727,2700.2916314962,200.0016000128,400.006400102402,29434.6151073663,193485.972267011,1678163.17645151,21618.6785382571,500.010000200004,
119.57945,25626.2412710616,3600.51847466035,817058.259806351,3200.40965243551,100.0004000016,0,30938.239664225,196228.225419568,1818969.80827655,20616.9883984403,200.0016000128,
119.70578,28131.6199408135,4000.64010241639,819724.617145123,3600.51847466035,800.025600819226,100.0004000016,29735.3255667733,200088.704312239,1740484.66593647,20116.1734034163,200.0016000128,
119.83201,27630.5040765005,3300.43565750679,820151.285430412,4500.81014582625,400.006400102402,100.0004000016,30537.255451651,195415.643732792,1819660.31291034,21318.1630749398,0,
119.95827,29434.6151073663,5001.00020004001,834986.772486773,3800.57768780855,500.010000200004,200.0016000128,30737.7459520291,202832.395115893,1858847.08936046,23021.1794851263,0,
120.08447,26928.9755777216,4400.77453631839,804906.64816971,4800.92177698118,700.019600548815,200.0016000128,30537.255451651,197447.196229656,1779440.24542821,20817.3200102485,100.0004000016,
120.21068,29735.3255667733,5101.04061228491,786913.450866647,4100.67251029169,400.006400102402,300.003600043201,30837.992406645,212389.166337225,1709468.83036788,22219.7311212357,400.006400102402,
120.33695,26027.0681508769,5201.0818250196,787658.233070918,4700.88376614804,200.0016000128,200.0016000128,35751.0525029742,224905.255255861,1592990.17519506,20016.0128102482,200.0016000128,
120.46322,30036.0432519023,4200.70571856072,807250.805186225,2600.27042812453,100.0004000016,300.003600043201,35851.3391176164,193181.314318192,1747694.34874714,22520.2682414173,600.014400345608,
120.5895,27430.063349431,5301.12383825371,837443.209299826,3000.36004320518,400.006400102402,500.010000200004,35450.1974796312,197751.957361372,1780358.21407147,18914.2992102029,200.0016000128,
120.71579,30437.0114058695,5901.39272868397,818658.008121517,4600.84655576626,100.0004000016,300.003600043201,35550.4816839913,211270.446340332,1856308.0096253,20316.4969955604,1000.04000160006,
120.84207,32442.0448901777,4300.73972723308,818124.736655128,4600.84655576626,500.010000200004,200.0016000128,35951.6265357053,214016.572668813,1858269.9836272,27730.7256440136,400.006400102402,
120.96835,33043.6175751993,6501.69043951427,818124.736655128,3600.51847466035,500.010000200004,500.010000200004,35650.7666917691,208829.947283295,1848693.64996177,22319.9093591484,200.0016000128,
121.09456,31639.9929510902,4800.92177698118,811087.617285582,2900.33643902693,200.0016000128,0,39863.462632511,208423.243376235,1785982.14553574,21618.6785382571,500.010000200004,
121.22087,29935.8032206519,3700.5476810568,782658.377713883,4400.77453631839,200.0016000128,0,37155.1382251261,218289.514033474,1835321.29393479,23221.549598027,400.006400102402,
121.34718,32341.7855869784,5501.21026625858,802456.393848694,3800.57768780855,700.019600548815,400.006400102402,36753.9548056547,206288.263145583,1771296.0305664,22420.0883992057,600.014400345608,
121.47333,42672.714305176,6401.6388195378,778192.061966649,3200.40965243551,700.019600548815,300.003600043201,36252.4936107484,207711.54311527,1789771.02246912,22420.0883992057,500.010000200004,
121.59954,31038.4877247787,4600.84655576626,792021.392934224,5201.0818250196,400.006400102402,100.0004000016,33244.1482288479,203238.918639912,1777948.68059691,18213.259252736,700.019600548815,
121.72586,27029.191526849,4600.84655576626,772983.315601521,3500.49006860961,300.003600043201,300.003600043201,34948.7885087582,198158.317004927,1736137.84724896,22319.9093591484,400.006400102402,
121.85209,34647.952766629,4300.73972723308,830502.310280127,4700.88376614804,300.003600043201,300.003600043201,37957.5436361524,214016.572668813,1846041.17538411,22420.0883992057,900.032401166442,
121.97839,28332.0719053969,5401.16665199683,796066.615762429,4100.67251029169,500.010000200004,200.0016000128,35349.9140786791,214525.180233426,1809421.47413213,22019.3770518056,200.0016000128,
122.10464,31740.2466327303,4900.9605882753,787551.832979184,2100.17641481884,300.003600043201,300.003600043201,36854.249455198,202934.024767427,1781850.04735031,22219.7311212357,200.0016000128,
122.23087,29635.0879441258,4000.64010241639,777660.460780836,4100.67251029169,200.0016000128,300.003600043201,33544.9502333126,208829.947283295,1773130.91418462,22820.8125810739,300.003600043201,
122.35716,29234.1454819229,4100.67251029169,811514.000165194,3900.60849492521,300.003600043201,400.006400102402,33143.8825004306,208524.918122711,1836243.09771828,21518.505915087,400.006400102402,
122.48335,30236.5257230735,3500.49006860961,797770.247122001,4000.64010241639,100.0004000016,600.014400345608,32843.0901342561,195618.784240846,1737739.14233889,19915.8530190031,100.0004000016,
122.60954,27329.8441898553,4600.84655576626,758218.932496981,3500.49006860961,100.0004000016,100.0004000016,33444.6820952793,202527.511079031,1749525.99839931,24023.0621396541,400.006400102402,
122.73582,28732.9854673165,4000.64010241639,824632.153939599,3600.51847466035,400.006400102402,500.010000200004,35550.4816839913,212592.580639956,1916335.41629881,22319.9093591484,300.003600043201,
122.86207,28933.4470648069,4500.81014582625,800219.611469333,3800.57768780855,500.010000200004,500.010000200004,31038.4877247787,197650.369498345,1713283.12660814,24524.0335528818,400.006400102402,
122.98829,25726.4467872973,4300.73972723308,797237.838150194,4700.88376614804,400.006400102402,400.006400102402,36854.249455198,200901.587455193,1736824.09308693,21718.8519635043,200.0016000128,
123.11449,28432.2990917683,4700.88376614804,818764.66505833,3900.60849492521,400.006400102402,300.003600043201,31639.9929510902,201714.523042432,1760864.91115393,20616.9883984403,200.0016000128,
123.24065,23121.3641404658,4500.81014582625,742511.233493808,3000.36004320518,400.006400102402,300.003600043201,30437.0114058695,203238.918639912,1821847.14551174,19815.6940296715,300.003600043201,
123.36688,26528.1198069954,3700.5476810568,797131.35899288,3400.46246289495,200.0016000128,200.0016000128,34748.2305439951,211778.943122227,1781046.73185531,21418.3340939844,200.0016000128,
123.49311,26027.0681508769,3800.57768780855,849411.66739045,4200.70571856072,300.003600043201,0,32642.5659059413,213711.417978788,1797581.78621961,23021.1794851263,100.0004000016,
123.61934,27530.2833116428,3900.60849492521,829434.810639248,5101.04061228491,300.003600043201,300.003600043201,33043.6175751993,212999.419092493,1834975.63384212,20016.0128102482,600.014400345608,
123.74563,24824.6260290208,3300.43565750679,818444.696891459,3000.36004320518,0,300.003600043201,30036.0432519023,207508.207564672,1715681.03614097,21318.1630749398,200.0016000128,
123.87186,24624.2302425587,3200.40965243551,860963.186401685,3300.43565750679,200.0016000128,0,32141.2693898966,217068.525870695,1818854.72762771,20817.3200102485,300.003600043201,
123.99812,24924.8251258253,4800.92177698118,836375.135899333,4200.70571856072,200.0016000128,500.010000200004,31038.4877247787,204153.644520617,1828425.7547997,22219.7311212357,500.010000200004,
124.12435,23321.7358578195,3900.60849492521,803308.603442368,3200.40965243551,400.006400102402,300.003600043201,28532.5270808722,203950.366364623,1802753.17880653,22920.9956319989,400.006400102402,
124.2506,22119.5536854579,4700.88376614804,820257.954705071,4000.64010241639,200.0016000128,300.003600043201,27229.6258329062,208728.270076231,1671468.70172994,20616.9883984403,200.0016000128,
124.37679,22319.9093591484,3500.49006860961,811407.403124626,3800.57768780855,400.006400102402,200.0016000128,29534.8511243267,204255.284828248,1781046.73185531,18113.1138944596,300.003600043201,
124.50307,24524.0335528818,2900.33643902693,813539.511236117,4100.67251029169,500.010000200004,200.0016000128,33946.0308177889,197751.957361372,1768314.88104161,17612.3991289868,0,
124.62932,21117.8234429859,4700.88376614804,810128.307309841,2700.2916314962,500.010000200004,100.0004000016,27630.5040765005,199987.097606606,1718650.47302699,19815.6940296715,100.0004000016,
124.75558,21117.8234429859,5601.25468104855,837656.834576986,3400.46246289495,100.0004000016,300.003600043201,29735.3255667733,210151.825618355,1722077.56670899,19715.5358422437,0,
124.88182,18213.259252736,3300.43565750679,786807.056920766,2600.27042812453,500.010000200004,0,25726.4467872973,198666.284990868,1665528.937432,20116.1734034163,200.0016000128,
125.00811,24123.2548176442,3700.5476810568,818764.66505833,4500.81014582625,300.003600043201,600.014400345608,26928.9755777216,196228.225419568,1744718.4529999,20316.4969955604,100.0004000016,
125.13442,21017.6548300572,3600.51847466035,854009.646648079,2900.33643902693,400.006400102402,200.0016000128,27530.2833116428,201714.523042432,1704608.57452936,20116.1734034163,100.0004000016,
125.26058,21017.6548300572,2300.21161946899,872310.832012121,3200.40965243551,300.003600043201,100.0004000016,27029.191526849,204661.854256563,1671104.73849515,15709.8657957197,200.0016000128,
125.38676,20016.0128102482,2900.33643902693,799687.101394834,3600.51847466035,200.0016000128,100.0004000016,27530.2833116428,190541.254045601,1637230.75087157,17612.3991289868,0,
125.5131,17912.8255831175,3200.40965243551,830715.820796826,3300.43565750679,200.0016000128,200.0016000128,26027.0681508769,201003.201535447,1611164.14976104,16110.3750815525,0,
125.63933,19314.911111378,3900.60849492521,886241.359172634,3600.51847466035,200.0016000128,400.006400102402,24824.6260290208,197955.13554484,1665301.40323482,18012.9693379233,0,
125.76555,18713.9980705568,2800.31363512713,856148.799033601,2700.2916314962,600.014400345608,300.003600043201,27430.063349431,202324.259152476,1634279.38293702,15209.2472223112,200.0016000128,
125.89171,19014.4509827469,3500.49006860961,833918.902161782,2400.23042212052,0,200.0016000128,27029.191526849,187394.212944306,1621686.66487769,18313.4054127621,300.003600043201,
126.018,19515.221873061,2400.23042212052,818124.736655128,3300.43565750679,300.003600043201,500.010000200004,24023.0621396541,178870.697434575,1558562.69308075,15409.4922472243,300.003600043201,
126.14423,19515.221873061,3400.46246289495,863638.620826643,3800.57768780855,600.014400345608,300.003600043201,30136.2840860396,196736.115590531,1687732.18326999,14908.8856958747,300.003600043201,
126.27045,20016.0128102482,2900.33643902693,827833.726605148,2900.33643902693,400.006400102402,200.0016000128,25926.8602271954,192876.663737575,1584432.15652914,17211.841747122,0,
126.39672,17612.3991289868,3900.60849492521,854865.26512613,4400.77453631839,600.014400345608,600.014400345608,27931.1711870447,197650.369498345,1688415.94643528,17812.6826300326,300.003600043201,
126.52296,15709.8657957197,4200.70571856072,872632.136706849,2300.21161946899,100.0004000016,0,26027.0681508769,202222.634418575,1700843.74666239,16510.8971921468,200.0016000128,
126.64915,17311.9798900839,2700.2916314962,881203.206784602,2900.33643902693,400.006400102402,400.006400102402,24223.4482979524,192978.213112441,1689669.60324205,18012.9693379233,200.0016000128,
126.7754,16711.163056922,2200.1936170383,851763.917555623,2800.31363512713,200.0016000128,100.0004000016,23522.1107841371,174306.900982402,1595518.33601416,14708.648685427,100.0004000016,
126.90167,14508.4148806308,1700.11560786133,802882.491608903,3500.49006860961,100.0004000016,300.003600043201,25225.4272306485,191251.985070656,1624862.08321441,15109.1259120509,100.0004000016,
127.02796,17612.3991289868,1800.12960933187,862140.309352578,3800.57768780855,100.0004000016,200.0016000128,26227.4864057532,191861.215013543,1617945.17980954,16210.5044068556,0,
127.15411,16410.7654621432,4000.64010241639,845135.945415073,4400.77453631839,500.010000200004,100.0004000016,25225.4272306485,188409.301575787,1610691.96314526,17912.8255831175,0,
127.28041,16611.0297237366,2200.1936170383,823458.442824797,3200.40965243551,500.010000200004,200.0016000128,25425.8326459683,188206.277304016,1619192.22464043,15409.4922472243,100.0004000016,
127.40666,23722.4889194957,2800.31363512713,834346.039698089,3900.60849492521,500.010000200004,600.014400345608,23121.3641404658,194196.869469874,1616924.95730645,14708.648685427,200.0016000128,
127.53293,15009.0054032419,3000.36004320518,842571.191115117,3400.46246289495,600.014400345608,300.003600043201,25826.6531060054,189525.993575663,1618965.48052556,17412.118834709,200.0016000128,
127.65918,16310.634533716,2500.2500250025,849518.578565993,3500.49006860961,300.003600043201,600.014400345608,26327.6967369673,184958.334004932,1601064.89382983,15709.8657957197,0,
127.78549,15509.6159618964,1900.14441097523,841075.319499055,3200.40965243551,0,800.025600819226,23321.7358578195,185059.819554083,1624181.57265846,15209.2472223112,0,
127.91171,15609.7404780583,2100.17641481884,848342.604272214,3100.38444767151,500.010000200004,300.003600043201,24824.6260290208,192165.841035418,1694229.34827641,15609.7404780583,400.006400102402,
128.03802,14808.7667899396,2900.33643902693,857753.395640176,2200.1936170383,100.0004000016,100.0004000016,28532.5270808722,179986.543815191,1680782.57936999,16110.3750815525,200.0016000128,
128.16432,13507.2939387269,2000.16001280102,866314.60888063,1800.12960933187,200.0016000128,100.0004000016,23722.4889194957,192368.929142935,1658022.35861651,15009.0054032419,200.0016000128,
128.29055,15209.2472223112,2900.33643902693,874238.779895096,2600.27042812453,200.0016000128,300.003600043201,22520.2682414173,202934.024767427,1690695.41005449,15910.1188355794,100.0004000016,
128.41678,13907.7326993809,4100.67251029169,897181.972246508,2500.2500250025,300.003600043201,300.003600043201,24724.4277346018,196634.535918306,1652452.02558635,14908.8856958747,200.0016000128,
128.5431,15109.1259120509,2000.16001280102,856148.799033601,3200.40965243551,100.0004000016,200.0016000128,22720.6303323418,196025.075084155,1647565.69157894,15409.4922472243,200.0016000128,
128.66923,14408.2991803279,2700.2916314962,885276.454752537,3000.36004320518,700.019600548815,0,26728.5460872212,187698.730942987,1632690.45569599,15109.1259120509,0,
128.79545,12906.6598364756,1200.05760276493,857218.507976435,2900.33643902693,200.0016000128,300.003600043201,24624.2302425587,194603.114456059,1658363.4750563,17211.841747122,100.0004000016,
128.92168,14908.8856958747,1400.07840439065,898362.394749055,3200.40965243551,200.0016000128,400.006400102402,26427.9078707115,192064.29820955,1738082.30195637,16911.4321281186,100.0004000016,
129.04798,16410.7654621432,2700.2916314962,865351.189392309,3400.46246289495,300.003600043201,300.003600043201,24824.6260290208,188307.789030794,1675544.28780565,15509.6159618964,100.0004000016,
129.17428,16811.2971917128,3200.40965243551,844708.451012906,3200.40965243551,700.019600548815,400.006400102402,26227.4864057532,186277.709942736,1620779.54161147,14908.8856958747,100.0004000016,
129.30059,13907.7326993809,2700.2916314962,853688.8043186,3600.51847466035,400.006400102402,200.0016000128,25025.025025025,178870.697434575,1617718.45693892,13907.7326993809,0,
129.42698,15409.4922472243,2600.27042812453,850480.818943232,3200.40965243551,400.006400102402,300.003600043201,28131.6199408135,178464.959633885,1701071.88782987,12205.9565067753,300.003600043201,
129.55327,16010.246557797,1600.10240655402,860749.175559316,4200.70571856072,700.019600548815,200.0016000128,21618.6785382571,194298.429488213,1672925.91328098,13507.2939387269,100.0004000016,
129.67958,14308.184281409,1600.10240655402,854758.309719321,3100.38444767151,600.014400345608,400.006400102402,25826.6531060054,185364.281108962,1638933.76069287,13607.4024269202,0,
129.80589,16310.634533716,2800.31363512713,819617.952277084,2300.21161946899,700.019600548815,100.0004000016,25926.8602271954,192978.213112441,1634733.39697259,15910.1188355794,100.0004000016,
129.93221,15509.6159618964,2800.31363512713,873596.098675686,3400.46246289495,100.0004000016,500.010000200004,25926.8602271954,185973.226303022,1710086.58341667,15509.6159618964,300.003600043201,
130.05844,17211.841747122,1800.12960933187,870276.087586407,2400.23042212052,400.006400102402,100.0004000016,25125.2257266295,188104.766395441,1697422.09692232,12005.7627661277,200.0016000128,
130.18472,15509.6159618964,2700.2916314962,860107.164284089,3800.57768780855,200.0016000128,100.0004000016,25025.025025025,190541.254045601,1631101.71802563,15109.1259120509,0,
130.31099,14408.2991803279,2700.2916314962,878845.596455633,3300.43565750679,100.0004000016,400.006400102402,27830.9480141918,187089.702308749,1590426.59553196,13507.2939387269,200.0016000128,
130.43724,13106.8679988314,2200.1936170383,812153.600898676,2500.2500250025,400.006400102402,300.003600043201,25425.8326459683,184450.918527294,1643476.18499525,13006.7635170289,0,
130.5635,24824.6260290208,2500.2500250025,850694.6598669,4100.67251029169,200.0016000128,100.0004000016,24223.4482979524,181914.147803734,1615224.76025006,11405.2007715518,0,
130.68979,14708.648685427,3000.36004320518,814925.570406595,3000.36004320518,300.003600043201,300.003600043201,27931.1711870447,176233.635448137,1666552.88937434,11805.5722300926,400.006400102402,
130.81607,14308.184281409,2400.23042212052,827726.994727011,3300.43565750679,0,700.019600548815,24624.2302425587,190439.724315828,1576406.10449418,12005.7627661277,100.0004000016,
130.94229,12506.2531265633,3100.38444767151,800219.611469333,2700.2916314962,100.0004000016,400.006400102402,24924.8251258253,175016.7162111,1606160.70972466,15509.6159618964,100.0004000016,
131.06854,14608.5313823273,1600.10240655402,822604.901750153,3000.36004320518,200.0016000128,300.003600043201,25225.4272306485,184958.334004932,1616471.55018589,11505.2924345199,300.003600043201,
131.19485,14808.7667899396,2700.2916314962,839579.621047061,4600.84655576626,100.0004000016,600.014400345608,25726.4467872973,186480.703125944,1676425.24024793,11605.3848985929,400.006400102402,
131.32117,13106.8679988314,2800.31363512713,817911.434236616,3500.49006860961,400.006400102402,500.010000200004,27630.5040765005,206491.579015293,1699703.09930154,10004.0016006403,100.0004000016,
131.44748,19515.221873061,2600.27042812453,860000.165504001,3700.5476810568,200.0016000128,400.006400102402,27931.1711870447,179682.212266735,1691949.28102565,10604.4963064339,300.003600043201,
131.57367,15109.1259120509,2500.2500250025,833385.000103334,3100.38444767151,0,600.014400345608,26327.6967369673,191861.215013543,1682149.42857509,12706.4548790786,500.010000200004,
131.69998,15609.7404780583,1800.12960933187,844922.19644622,2600.27042812453,500.010000200004,500.010000200004,31038.4877247787,197040.859521458,1680668.68159077,12806.5569571621,300.003600043201,
131.8262,18914.2992102029,3400.46246289495,853367.969952182,3300.43565750679,300.003600043201,100.0004000016,31339.2367243789,189525.993575663,1682832.90569646,12706.4548790786,500.010000200004,
131.95245,17912.8255831175,3100.38444767151,839365.963973722,2700.2916314962,200.0016000128,200.0016000128,32341.7855869784,190338.195404476,1493859.40483522,12806.5569571621,300.003600043201,
132.0788,17712.5404786589,2500.2500250025,819724.617145123,2900.33643902693,700.019600548815,0,35650.7666917691,184045.000866331,1625656.05616522,12906.6598364756,800.025600819226,
132.20511,22019.3770518056,2600.27042812453,838938.660426735,3800.57768780855,200.0016000128,500.010000200004,33344.4147604609,181508.311912264,1663253.77018408,14808.7667899396,600.014400345608,
132.33139,20917.487019148,3300.43565750679,819617.952277084,3900.60849492521,400.006400102402,400.006400102402,37556.3345017526,187191.205035826,1675885.8528174,14208.0701838644,1100.04840212969,
132.45759,21919.201220269,3600.51847466035,812046.998575175,3200.40965243551,300.003600043201,400.006400102402,40766.3676465285,181812.687604505,1610352.06560197,14007.84439286,1600.10240655402,
132.58382,26127.2768770597,4200.70571856072,817058.259806351,4500.81014582625,300.003600043201,600.014400345608,45482.5963950534,207508.207564672,1757656.97111886,12806.5569571621,2200.1936170383,
132.7101,31238.986254846,4900.9605882753,823671.836910084,2600.27042812453,500.010000200004,700.019600548815,49999.7996000016,178870.697434575,1559804.17987574,13907.7326993809,1200.05760276493,
132.83643,33244.1482288479,7202.07419736884,790531.36747587,2500.2500250025,300.003600043201,400.006400102402,47991.9525811455,191861.215013543,1670308.05272613,16711.163056922,3100.38444767151,
132.96274,34146.5759295679,5601.25468104855,817911.434236616,2700.2916314962,400.006400102402,800.025600819226,53614.7355340429,187394.212944306,1630647.82779132,14508.4148806308,2500.2500250025,
133.08893,37355.7347562563,5501.21026625858,820577.967817232,3900.60849492521,300.003600043201,400.006400102402,53313.4510237786,186074.720031593,1553259.46570593,15309.3693340324,2600.27042812453,
133.21525,33845.7594667991,5901.39272868397,809808.553164076,2800.31363512713,500.010000200004,700.019600548815,52108.3854417188,180595.228982261,1588616.66872285,17211.841747122,3500.49006860961,
133.34152,36352.7842427204,5301.12383825371,783615.646735588,4500.81014582625,200.0016000128,1000.04000160006,53012.1737596755,177247.824685788,1549649.9694148,15910.1188355794,2700.2916314962,
133.46764,33244.1482288479,6401.6388195378,748137.894667458,4200.70571856072,400.006400102402,500.010000200004,52007.9685426946,176943.559335006,1464660.1514202,16210.5044068556,3200.40965243551,
133.59391,35650.7666917691,6801.85010322808,757051.250350296,3200.40965243551,300.003600043201,500.010000200004,51305.072789072,168021.712955692,1467574.04568515,17011.567866149,2500.2500250025,
133.72014,38158.1530252104,4100.67251029169,695209.590685589,3400.46246289495,400.006400102402,900.032401166442,49799.0004128207,160625.432762757,1383330.80053358,16210.5044068556,3300.43565750679,
133.8464,40766.3676465285,5401.16665199683,692040.811292988,3100.38444767151,300.003600043201,600.014400345608,49999.7996000016,157182.073595827,1318116.54925278,14808.7667899396,2500.2500250025,
133.9727,41569.0045475489,7102.01697282028,677474.48686135,3000.36004320518,200.0016000128,700.019600548815,48393.4962347255,143114.608350732,1305378.0819381,13907.7326993809,2300.21161946899,
134.09889,38860.311202987,5201.0818250196,628093.310862621,2900.33643902693,100.0004000016,900.032401166442,46787.3988610725,142305.448840437,1265359.98251778,12005.7627661277,2900.33643902693,
134.22521,40766.3676465285,5201.0818250196,614964.057082435,2800.31363512713,100.0004000016,1800.12960933187,41669.3377780627,146452.941933823,1234490.16941184,16210.5044068556,2600.27042812453,
134.35136,38860.311202987,7902.49718911176,635451.573606559,4000.64010241639,400.006400102402,800.025600819226,42973.74294289,128456.670499594,1194467.72841576,12806.5569571621,2900.33643902693,
134.47768,38559.381447429,6001.44034568296,578273.609769673,2900.33643902693,200.0016000128,900.032401166442,43776.5213593361,130881.631537045,1155990.14023796,12606.3536022155,2900.33643902693,
134.60394,34748.2305439951,6701.7960813498,566031.947313521,2700.2916314962,100.0004000016,1200.05760276493,43375.1257177431,131285.837213604,1121336.74373506,13307.0793662228,2800.31363512713,
134.73022,36854.249455198,6501.69043951427,549623.500748093,2900.33643902693,800.025600819226,1100.04840212969,39963.7821963854,120881.682656945,1062516.68001068,13607.4024269202,3000.36004320518,
134.8565,38158.1530252104,5201.0818250196,533861.9864119,3100.38444767151,0,1000.04000160006,37656.6355799122,113916.726270362,1027134.84970891,12806.5569571621,2700.2916314962,
134.98274,39060.9350586916,5501.21026625858,528230.138015823,3000.36004320518,400.006400102402,1200.05760276493,37155.1382251261,117651.077647702,990984.247384267,10504.4118529783,3300.43565750679,
135.10906,35650.7666917691,6801.85010322808,466443.376891138,2500.2500250025,100.0004000016,800.025600819226,36252.4936107484,111293.251691497,937053.882673218,9603.68781612139,1900.14441097523,
135.23534,35951.6265357053,4900.9605882753,454930.518221657,2700.2916314962,200.0016000128,600.014400345608,33444.6820952793,95261.6130832641,885276.454752537,9703.76506084361,3000.36004320518,
135.3615,35851.3391176164,4500.81014582625,424176.968543174,3000.36004320518,200.0016000128,1200.05760276493,29534.8511243267,93649.4999337528,839686.45090873,12306.0545788528,2000.16001280102,
135.48769,31238.986254846,5201.0818250196,397109.199442483,3600.51847466035,300.003600043201,1400.07840439065,27830.9480141918,89821.5611890568,762465.942020025,9403.53572943427,1900.14441097523,
135.61391,31038.4877247787,5901.39272868397,382050.626022897,2100.17641481884,100.0004000016,900.032401166442,24323.6425805883,84283.191523519,691829.587122022,9703.76506084361,1900.14441097523,
135.74015,29434.6151073663,5701.29989637637,334311.575550971,1600.10240655402,200.0016000128,900.032401166442,25526.0365572884,70498.2410538434,614439.166731557,8703.02865397158,2700.2916314962,
135.86647,29935.8032206519,4800.92177698118,315225.183991057,2500.2500250025,200.0016000128,900.032401166442,21718.8519635043,66174.7012111976,576389.514089521,8502.8909829342,2600.27042812453,
135.99274,25225.4272306485,5501.21026625858,289514.360397834,2300.21161946899,200.0016000128,900.032401166442,18313.4054127621,57733.0168708705,509683.475847432,6501.69043951427,1800.12960933187,
136.11899,26327.6967369673,5601.25468104855,238452.903027807,1500.09000540032,100.0004000016,800.025600819226,17512.2585810067,53514.3065588096,429762.99460889,6901.90492575951,1700.11560786133,
136.2453,24023.0621396541,4100.67251029169,238045.242729424,1700.11560786133,300.003600043201,900.032401166442,14408.2991803279,48293.1091143725,418800.151292699,6501.69043951427,2000.16001280102,
136.3715,24423.8376655616,3900.60849492521,205068.43680182,2400.23042212052,300.003600043201,1200.05760276493,13907.7326993809,45783.6925900546,368348.419044527,5701.29989637637,1900.14441097523,
136.49777,25325.6295370915,3600.51847466035,189221.431392621,2200.1936170383,0,1000.04000160006,10904.7544729502,38659.6905622281,350650.193476162,4500.81014582625,1700.11560786133,
136.62405,22620.4488857928,4500.81014582625,164373.688936131,1500.09000540032,400.006400102402,700.019600548815,11205.0198488923,35450.1974796312,309894.34637704,3500.49006860961,1000.04000160006,
136.75032,19915.8530190031,5601.25468104855,160726.722302066,2300.21161946899,100.0004000016,800.025600819226,10104.0820491479,35851.3391176164,273458.824480883,4500.81014582625,2200.1936170383,
136.8766,19915.8530190031,2900.33643902693,131690.055892879,1600.10240655402,200.0016000128,800.025600819226,8502.8909829342,30437.0114058695,251198.92692505,3800.57768780855,1800.12960933187,
137.00286,19314.911111378,2200.1936170383,134317.7942927,1800.12960933187,0,800.025600819226,9603.68781612139,27931.1711870447,212897.70824845,3400.46246289495,1700.11560786133,
137.12905,17612.3991289868,3400.46246289495,116843.556223552,1900.14441097523,400.006400102402,1300.06760351538,7702.37233067785,27630.5040765005,191353.521348161,2800.31363512713,800.025600819226,
137.25527,19214.7569333248,2500.2500250025,99796.7920451716,2100.17641481884,100.0004000016,2200.1936170383,7802.43435952017,23922.8702639724,186988.200399768,3000.36004320518,1800.12960933187,
137.3816,18113.1138944596,3100.38444767151,86598.9395392896,1900.14441097523,300.003600043201,600.014400345608,7302.132222609,16811.2971917128,136946.082256131,2700.2916314962,900.032401166442,
137.50786,14308.184281409,2500.2500250025,68587.6558263409,1400.07840439065,0,800.025600819226,7202.07419736884,15609.7404780583,99998.3936001028,1800.12960933187,900.032401166442,
137.6341,13206.9732818928,1800.12960933187,49598.2044448007,1500.09000540032,200.0016000128,1000.04000160006,3600.51847466035,7602.31110257518,61953.1481823067,1600.10240655402,1000.04000160006,
137.76042,10804.6676164103,1700.11560786133,31339.2367243789,800.025600819226,100.0004000016,900.032401166442,4200.70571856072,7202.07419736884,46285.535669918,1000.04000160006,600.014400345608,
137.88665,7102.01697282028,1500.09000540032,17311.9798900839,1400.07840439065,200.0016000128,400.006400102402,2500.2500250025,3000.36004320518,25626.2412710616,1100.04840212969,200.0016000128,
138.01287,4500.81014582625,800.025600819226,9103.31360615264,1000.04000160006,200.0016000128,700.019600548815,1800.12960933187,3500.49006860961,13206.9732818928,700.019600548815,400.006400102402,
138.13909,3900.60849492521,900.032401166442,6401.6388195378,1300.06760351538,0,1000.04000160006,1300.06760351538,1600.10240655402,6501.69043951427,0,700.019600548815,
138.26535,2700.2916314962,1200.05760276493,2100.17641481884,1700.11560786133,0,200.0016000128,1600.10240655402,800.025600819226,2600.27042812453,100.0004000016,100.0004000016,
138.39156,1500.09000540032,700.019600548815,2400.23042212052,1300.06760351538,300.003600043201,600.014400345608,800.025600819226,1200.05760276493,800.025600819226,0,200.0016000128,
138.51782,2000.16001280102,700.019600548815,700.019600548815,1200.05760276493,0,900.032401166442,400.006400102402,1000.04000160006,700.019600548815,300.003600043201,100.0004000016,
138.64402,1300.06760351538,1100.04840212969,800.025600819226,1600.10240655402,0,600.014400345608,700.019600548815,400.006400102402,700.019600548815,100.0004000016,100.0004000016,
138.77025,600.014400345608,300.003600043201,500.010000200004,1000.04000160006,300.003600043201,400.006400102402,700.019600548815,1300.06760351538,1400.07840439065,0,100.0004000016,
138.89654,1400.07840439065,700.019600548815,400.006400102402,1200.05760276493,100.0004000016,1000.04000160006,600.014400345608,600.014400345608,500.010000200004,0,0,
139.02275,1800.12960933187,400.006400102402,900.032401166442,1800.12960933187,0,800.025600819226,700.019600548815,1300.06760351538,400.006400102402,0,200.0016000128,
139.14899,1700.11560786133,800.025600819226,700.019600548815,1000.04000160006,400.006400102402,400.006400102402,500.010000200004,1100.04840212969,400.006400102402,0,0,
139.27521,1800.12960933187,400.006400102402,200.0016000128,1000.04000160006,100.0004000016,500.010000200004,600.014400345608,1100.04840212969,0,0,0,
139.40144,1600.10240655402,800.025600819226,900.032401166442,800.025600819226,200.0016000128,300.003600043201,200.0016000128,1500.09000540032,100.0004000016,1600.10240655402,100.0004000016,
139.52772,1500.09000540032,1300.06760351538,400.006400102402,700.019600548815,200.0016000128,1100.04840212969,1000.04000160006,600.014400345608,300.003600043201,200.0016000128,0,
139.65402,1500.09000540032,1000.04000160006,0,800.025600819226,100.0004000016,600.014400345608,600.014400345608,700.019600548815,200.0016000128,0,0,
139.78026,2000.16001280102,400.006400102402,200.0016000128,1900.14441097523,0,600.014400345608,1000.04000160006,700.019600548815,200.0016000128,100.0004000016,200.0016000128,
139.9065,1700.11560786133,700.019600548815,800.025600819226,1500.09000540032,100.0004000016,700.019600548815,500.010000200004,700.019600548815,400.006400102402,0,100.0004000016,
140.03279,1200.05760276493,200.0016000128,500.010000200004,1300.06760351538,100.0004000016,400.006400102402,500.010000200004,1100.04840212969,600.014400345608,0,0,
140.15908,2100.17641481884,7602.31110257518,300.003600043201,900.032401166442,100.0004000016,700.019600548815,400.006400102402,1100.04840212969,400.006400102402,0,0,
140.28531,1900.14441097523,1400.07840439065,200.0016000128,1500.09000540032,500.010000200004,700.019600548815,1100.04840212969,1000.04000160006,500.010000200004,300.003600043201,0,
140.41163,1200.05760276493,900.032401166442,400.006400102402,1500.09000540032,400.006400102402,1000.04000160006,400.006400102402,900.032401166442,0,0,0,
140.53784,1100.04840212969,1100.04840212969,100.0004000016,1500.09000540032,0,800.025600819226,600.014400345608,1100.04840212969,300.003600043201,100.0004000016,0,
140.66416,1700.11560786133,800.025600819226,1000.04000160006,1400.07840439065,100.0004000016,500.010000200004,600.014400345608,1000.04000160006,500.010000200004,100.0004000016,0,
140.79046,1400.07840439065,1000.04000160006,100.0004000016,900.032401166442,0,300.003600043201,1100.04840212969,700.019600548815,200.0016000128,0,100.0004000016,
140.91678,1400.07840439065,400.006400102402,200.0016000128,1600.10240655402,0,600.014400345608,800.025600819226,1400.07840439065,200.0016000128,0,0,
141.04315,1200.05760276493,700.019600548815,100.0004000016,2000.16001280102,200.0016000128,500.010000200004,500.010000200004,900.032401166442,100.0004000016,0,0,
141.1693,800.025600819226,500.010000200004,2800.31363512713,1000.04000160006,0,600.014400345608,600.014400345608,1300.06760351538,200.0016000128,0,200.0016000128,
141.29561,1500.09000540032,1000.04000160006,1500.09000540032,2100.17641481884,100.0004000016,600.014400345608,600.014400345608,1400.07840439065,1300.06760351538,0,0,
141.42185,900.032401166442,600.014400345608,200.0016000128,1000.04000160006,100.0004000016,400.006400102402,600.014400345608,900.032401166442,1000.04000160006,0,0,
141.54817,1300.06760351538,1100.04840212969,200.0016000128,1200.05760276493,200.0016000128,700.019600548815,500.010000200004,1400.07840439065,200.0016000128,0,100.0004000016,
141.67445,1300.06760351538,900.032401166442,200.0016000128,700.019600548815,200.0016000128,900.032401166442,300.003600043201,700.019600548815,300.003600043201,0,0,
141.80068,1600.10240655402,700.019600548815,200.0016000128,1200.05760276493,100.0004000016,1000.04000160006,800.025600819226,1100.04840212969,100.0004000016,0,0,
141.92691,800.025600819226,500.010000200004,300.003600043201,1300.06760351538,0,400.006400102402,200.0016000128,1000.04000160006,100.0004000016,0,0,
142.0532,300.003600043201,700.019600548815,300.003600043201,2000.16001280102,200.0016000128,100.0004000016,100.0004000016,900.032401166442,0,0,0,
142.17944,300.003600043201,500.010000200004,200.0016000128,1600.10240655402,300.003600043201,200.0016000128,0,1100.04840212969,0,0,0,
142.30575,0,6601.74286011507,0,1700.11560786133,100.0004000016,0,0,600.014400345608,100.0004000016,0,0,
142.43208,100.0004000016,200.0016000128,100.0004000016,900.032401166442,0,0,0,1300.06760351538,0,0,0,
142.55843,0,700.019600548815,0,800.025600819226,100.0004000016,0,0,800.025600819226,100.0004000016,0,0,
142.68466,0,800.025600819226,300.003600043201,900.032401166442,200.0016000128,0,0,900.032401166442,0,0,0,
142.8109,0,500.010000200004,100.0004000016,2000.16001280102,300.003600043201,100.0004000016,100.0004000016,1900.14441097523,0,0,0,
142.93716,100.0004000016,600.014400345608,100.0004000016,1600.10240655402,100.0004000016,0,200.0016000128,700.019600548815,0,0,0,
143.06334,0,300.003600043201,0,900.032401166442,200.0016000128,100.0004000016,0,1000.04000160006,0,0,0,
143.18949,0,600.014400345608,200.0016000128,600.014400345608,300.003600043201,200.0016000128,0,500.010000200004,0,0,0,
143.31579,100.0004000016,500.010000200004,200.0016000128,800.025600819226,100.0004000016,0,100.0004000016,1400.07840439065,0,0,0,
143.4421,0,700.019600548815,0,1200.05760276493,100.0004000016,0,0,1100.04840212969,0,0,0,
143.56839,200.0016000128,0,100.0004000016,900.032401166442,100.0004000016,0,0,1000.04000160006,0,0,0,
143.69471,0,700.019600548815,300.003600043201,1600.10240655402,100.0004000016,0,0,1100.04840212969,0,0,0,
143.82102,0,700.019600548815,100.0004000016,1600.10240655402,200.0016000128,0,0,1400.07840439065,0,0,0,
143.94736,0,200.0016000128,100.0004000016,1100.04840212969,100.0004000016,0,0,800.025600819226,0,0,0,
144.0737,0,600.014400345608,300.003600043201,1600.10240655402,200.0016000128,0,100.0004000016,500.010000200004,0,0,0,
144.19996,0,0,200.0016000128,1400.07840439065,300.003600043201,0,0,1000.04000160006,0,0,0,
144.32622,0,700.019600548815,400.006400102402,1100.04840212969,0,0,0,1200.05760276493,0,0,0,
144.45248,0,200.0016000128,0,1200.05760276493,200.0016000128,0,0,600.014400345608,0,0,0,
144.57869,0,100.0004000016,0,1100.04840212969,200.0016000128,200.0016000128,0,700.019600548815,0,0,0,
144.705,100.0004000016,500.010000200004,0,1500.09000540032,200.0016000128,0,100.0004000016,500.010000200004,0,0,0,
144.83118,0,700.019600548815,200.0016000128,1600.10240655402,0,0,100.0004000016,500.010000200004,0,0,0,
144.95749,200.0016000128,400.006400102402,200.0016000128,1200.05760276493,300.003600043201,100.0004000016,100.0004000016,1200.05760276493,0,0,0,
145.08374,0,300.003600043201,100.0004000016,900.032401166442,0,0,200.0016000128,1000.04000160006,0,0,0,
145.21002,0,500.010000200004,100.0004000016,1100.04840212969,100.0004000016,100.0004000016,300.003600043201,1600.10240655402,0,0,0,
145.33629,0,600.014400345608,100.0004000016,1400.07840439065,100.0004000016,300.003600043201,0,1400.07840439065,100.0004000016,0,0,
145.46254,0,700.019600548815,100.0004000016,1300.06760351538,400.006400102402,0,0,1200.05760276493,100.0004000016,0,0,
145.58888,0,400.006400102402,100.0004000016,900.032401166442,0,0,0,1400.07840439065,0,0,100.0004000016,
145.71516,0,500.010000200004,200.0016000128,1000.04000160006,300.003600043201,200.0016000128,0,700.019600548815,100.0004000016,0,0,
145.84151,0,400.006400102402,100.0004000016,1100.04840212969,0,0,0,800.025600819226,0,0,0,
145.9678,0,300.003600043201,100.0004000016,1000.04000160006,0,100.0004000016,0,700.019600548815,0,0,0,
146.09399,0,900.032401166442,200.0016000128,1100.04840212969,0,0,0,800.025600819226,0,0,0,
146.22028,0,400.006400102402,100.0004000016,1900.14441097523,0,200.0016000128,0,800.025600819226,0,0,0,
146.3466,100.0004000016,700.019600548815,0,1200.05760276493,100.0004000016,0,0,800.025600819226,0,0,0,
146.47291,0,300.003600043201,100.0004000016,1400.07840439065,100.0004000016,0,100.0004000016,1000.04000160006,0,0,0,
146.59914,0,300.003600043201,200.0016000128,1400.07840439065,100.0004000016,100.0004000016,0,400.006400102402,0,0,0,
146.72542,0,600.014400345608,0,1200.05760276493,100.0004000016,0,0,1100.04840212969,0,0,0,
146.85166,0,600.014400345608,0,1700.11560786133,0,0,100.0004000016,900.032401166442,0,0,0,
146.9779,0,400.006400102402,200.0016000128,1100.04840212969,200.0016000128,0,0,1400.07840439065,0,0,0,
147.10416,0,400.006400102402,0,1700.11560786133,0,0,0,600.014400345608,0,0,0,
147.23041,0,400.006400102402,200.0016000128,1200.05760276493,300.003600043201,100.0004000016,0,600.014400345608,0,0,0,
147.35659,100.0004000016,600.014400345608,200.0016000128,800.025600819226,0,0,100.0004000016,1100.04840212969,0,0,100.0004000016,
147.48288,0,100.0004000016,100.0004000016,1300.06760351538,100.0004000016,0,0,1100.04840212969,0,100.0004000016,0,
147.60907,0,400.006400102402,100.0004000016,900.032401166442,300.003600043201,0,200.0016000128,900.032401166442,0,0,0,
147.73539,0,100.0004000016,0,1700.11560786133,0,0,0,1200.05760276493,0,0,0,
147.86154,0,300.003600043201,100.0004000016,1300.06760351538,500.010000200004,100.0004000016,100.0004000016,600.014400345608,0,0,0,
147.98778,0,100.0004000016,200.0016000128,800.025600819226,300.003600043201,0,0,1000.04000160006,0,0,0,
148.11406,0,400.006400102402,0,700.019600548815,400.006400102402,0,100.0004000016,900.032401166442,0,0,0,
148.24041,0,400.006400102402,100.0004000016,1100.04840212969,100.0004000016,100.0004000016,0,1000.04000160006,0,0,0,
148.3667,0,600.014400345608,100.0004000016,1100.04840212969,300.003600043201,0,0,700.019600548815,0,0,0,
148.49291,0,400.006400102402,0,900.032401166442,100.0004000016,0,0,800.025600819226,0,0,0,
148.6192,0,800.025600819226,100.0004000016,500.010000200004,100.0004000016,0,0,600.014400345608,0,0,0,
148.74552,0,200.0016000128,300.003600043201,1600.10240655402,200.0016000128,0,0,1100.04840212969,0,0,0,
148.87184,0,400.006400102402,100.0004000016,1200.05760276493,0,0,0,1600.10240655402,0,0,0,
148.99816,0,300.003600043201,300.003600043201,1100.04840212969,200.0016000128,100.0004000016,200.0016000128,1200.05760276493,0,0,0,
149.12444,0,200.0016000128,100.0004000016,700.019600548815,0,0,0,700.019600548815,0,0,0,
149.25073,0,500.010000200004,200.0016000128,1200.05760276493,300.003600043201,200.0016000128,0,1000.04000160006,0,0,0,
149.37698,200.0016000128,300.003600043201,100.0004000016,1100.04840212969,0,0,100.0004000016,1400.07840439065,0,0,0,
149.5033,0,600.014400345608,200.0016000128,1500.09000540032,200.0016000128,100.0004000016,0,500.010000200004,0,0,0,
149.62962,0,300.003600043201,200.0016000128,1000.04000160006,0,0,0,1500.09000540032,0,0,0,
149.75586,0,700.019600548815,300.003600043201,1200.05760276493,0,0,0,800.025600819226,0,0,0,
149.88213,0,800.025600819226,200.0016000128,1000.04000160006,100.0004000016,100.0004000016,0,1100.04840212969,0,0,0,
150.00843,0,500.010000200004,100.0004000016,1100.04840212969,0,0,100.0004000016,900.032401166442,0,0,0,
150.13471,0,600.014400345608,100.0004000016,1300.06760351538,0,100.0004000016,0,1100.04840212969,0,0,0,
150.26091,0,700.019600548815,200.0016000128,1400.07840439065,500.010000200004,100.0004000016,100.0004000016,900.032401166442,0,0,0,
150.38705,0,500.010000200004,100.0004000016,800.025600819226,100.0004000016,0,0,1100.04840212969,100.0004000016,0,0,
150.51324,0,100.0004000016,200.0016000128,1500.09000540032,0,200.0016000128,0,900.032401166442,300.003600043201,0,0,
150.63955,0,200.0016000128,0,2100.17641481884,0,100.0004000016,0,900.032401166442,0,0,0,
150.76584,0,600.014400345608,200.0016000128,1600.10240655402,200.0016000128,0,100.0004000016,900.032401166442,0,0,0,
150.89211,0,500.010000200004,200.0016000128,1300.06760351538,300.003600043201,0,100.0004000016,1000.04000160006,0,0,0,
151.0184,0,500.010000200004,400.006400102402,800.025600819226,100.0004000016,200.0016000128,100.0004000016,900.032401166442,0,0,0,
151.14462,0,300.003600043201,0,1500.09000540032,300.003600043201,0,0,900.032401166442,0,0,0,
151.2709,0,400.006400102402,200.0016000128,1100.04840212969,300.003600043201,200.0016000128,100.0004000016,1000.04000160006,0,0,0,
151.3971,0,500.010000200004,200.0016000128,1200.05760276493,100.0004000016,0,0,900.032401166442,0,0,0,
151.5234,0,200.0016000128,0,800.025600819226,100.0004000016,200.0016000128,0,1400.07840439065,0,0,0,
151.64963,0,600.014400345608,100.0004000016,600.014400345608,100.0004000016,100.0004000016,0,1900.14441097523,0,0,0,
151.77591,100.0004000016,400.006400102402,0,1600.10240655402,200.0016000128,100.0004000016,200.0016000128,800.025600819226,0,0,0,
151.90219,0,200.0016000128,0,1300.06760351538,300.003600043201,100.0004000016,0,1300.06760351538,0,0,0,
152.02844,0,500.010000200004,0,500.010000200004,300.003600043201,100.0004000016,0,1000.04000160006,0,0,0,
152.15476,0,1200.05760276493,100.0004000016,1100.04840212969,400.006400102402,100.0004000016,200.0016000128,800.025600819226,0,0,0,
152.281,0,300.003600043201,100.0004000016,1200.05760276493,300.003600043201,0,300.003600043201,800.025600819226,0,0,0,
152.40734,0,100.0004000016,100.0004000016,1100.04840212969,0,100.0004000016,0,1100.04840212969,0,0,0,
152.53358,0,700.019600548815,100.0004000016,1100.04840212969,0,0,0,600.014400345608,0,0,0,
152.6599,0,700.019600548815,100.0004000016,800.025600819226,200.0016000128,100.0004000016,0,800.025600819226,0,0,0,

